# UTC Date/Time   Azimuth and AZ_Velocity   Elevation and EL_Velocity
2017.123.21:30:00 175 45 0.2 -0.0 021 52 0.2 -0.0
2017.123.21:30:05 175 45 0.0 -0.0 021 49 0.9 -0.0
2017.123.21:30:10 175 44 0.9 -0.0 021 47 0.6 -0.0
2017.123.21:30:15 175 44 0.7 -0.0 021 45 0.2 -0.0
2017.123.21:30:20 175 44 0.6 -0.0 021 42 0.9 -0.0
2017.123.21:30:25 175 44 0.4 -0.0 021 40 0.6 -0.0
2017.123.21:30:30 175 44 0.2 -0.0 021 38 0.3 -0.0
2017.123.21:30:35 175 44 0.1 -0.0 021 35 1.0 -0.0
2017.123.21:30:40 175 43 0.9 -0.0 021 33 0.7 -0.0
2017.123.21:30:45 175 43 0.7 -0.0 021 31 0.4 -0.0
2017.123.21:30:50 175 43 0.6 -0.0 021 29 0.1 -0.0
2017.123.21:30:55 175 43 0.4 -0.0 021 26 0.8 -0.0
2017.123.21:31:00 175 43 0.2 -0.0 021 24 0.5 -0.0
2017.123.21:31:05 175 43 0.1 -0.0 021 22 0.1 -0.0
2017.123.21:31:10 175 42 0.9 -0.0 021 19 0.8 -0.0
2017.123.21:31:15 175 42 0.7 -0.0 021 17 0.5 -0.0
2017.123.21:31:20 175 42 0.6 -0.0 021 15 0.2 -0.0
2017.123.21:31:25 175 42 0.4 -0.0 021 12 0.9 -0.0
2017.123.21:31:30 175 42 0.3 -0.0 021 10 0.6 -0.0
2017.123.21:31:35 175 42 0.1 -0.0 021 08 0.3 -0.0
2017.123.21:31:40 175 41 0.9 -0.0 021 06 0.0 -0.0
2017.123.21:31:45 175 41 0.8 -0.0 021 03 0.7 -0.0
2017.123.21:31:50 175 41 0.6 -0.0 021 01 0.4 -0.0
2017.123.21:31:55 175 41 0.4 -0.0 020 59 0.1 -0.0
2017.123.21:32:00 175 41 0.3 -0.0 020 56 0.8 -0.0
2017.123.21:32:05 175 41 0.1 -0.0 020 54 0.5 -0.0
2017.123.21:32:10 175 40 0.9 -0.0 020 52 0.2 -0.0
2017.123.21:32:15 175 40 0.8 -0.0 020 49 0.9 -0.0
2017.123.21:32:20 175 40 0.6 -0.0 020 47 0.6 -0.0
2017.123.21:32:25 175 40 0.4 -0.0 020 45 0.3 -0.0
2017.123.21:32:30 175 40 0.3 -0.0 020 42 1.0 -0.0
2017.123.21:32:35 175 40 0.1 -0.0 020 40 0.7 -0.0
2017.123.21:32:40 175 39 0.9 -0.0 020 38 0.4 -0.0
2017.123.21:32:45 175 39 0.7 -0.0 020 36 0.1 -0.0
2017.123.21:32:50 175 39 0.6 -0.0 020 33 0.8 -0.0
2017.123.21:32:55 175 39 0.4 -0.0 020 31 0.5 -0.0
2017.123.21:33:00 175 39 0.2 -0.0 020 29 0.2 -0.0
2017.123.21:33:05 175 39 0.1 -0.0 020 26 0.9 -0.0
2017.123.21:33:10 175 38 0.9 -0.0 020 24 0.6 -0.0
2017.123.21:33:15 175 38 0.7 -0.0 020 22 0.3 -0.0
2017.123.21:33:20 175 38 0.6 -0.0 020 20 0.0 -0.0
2017.123.21:33:25 175 38 0.4 -0.0 020 17 0.7 -0.0
2017.123.21:33:30 175 38 0.2 -0.0 020 15 0.4 -0.0
2017.123.21:33:35 175 38 0.1 -0.0 020 13 0.1 -0.0
2017.123.21:33:40 175 37 0.9 -0.0 020 10 0.9 -0.0
2017.123.21:33:45 175 37 0.7 -0.0 020 08 0.6 -0.0
2017.123.21:33:50 175 37 0.5 -0.0 020 06 0.3 -0.0
2017.123.21:33:55 175 37 0.4 -0.0 020 03 1.0 -0.0
2017.123.21:34:00 175 37 0.2 -0.0 020 01 0.7 -0.0
2017.123.21:34:05 175 37 0.0 -0.0 019 59 0.4 -0.0
2017.123.21:34:10 175 36 0.9 -0.0 019 57 0.1 -0.0
2017.123.21:34:15 175 36 0.7 -0.0 019 54 0.8 -0.0
2017.123.21:34:20 175 36 0.5 -0.0 019 52 0.5 -0.0
2017.123.21:34:25 175 36 0.3 -0.0 019 50 0.2 -0.0
2017.123.21:34:30 175 36 0.2 -0.0 019 47 1.0 -0.0
2017.123.21:34:35 175 35 1.0 -0.0 019 45 0.7 -0.0
2017.123.21:34:40 175 35 0.8 -0.0 019 43 0.4 -0.0
2017.123.21:34:45 175 35 0.6 -0.0 019 41 0.1 -0.0
2017.123.21:34:50 175 35 0.5 -0.0 019 38 0.8 -0.0
2017.123.21:34:55 175 35 0.3 -0.0 019 36 0.5 -0.0
2017.123.21:35:00 175 35 0.1 -0.0 019 34 0.2 -0.0
2017.123.21:35:05 175 34 1.0 -0.0 019 31 1.0 -0.0
2017.123.21:35:10 175 34 0.8 -0.0 019 29 0.7 -0.0
2017.123.21:35:15 175 34 0.6 -0.0 019 27 0.4 -0.0
2017.123.21:35:20 175 34 0.4 -0.0 019 25 0.1 -0.0
2017.123.21:35:25 175 34 0.3 -0.0 019 22 0.8 -0.0
2017.123.21:35:30 175 34 0.1 -0.0 019 20 0.5 -0.0
2017.123.21:35:35 175 33 0.9 -0.0 019 18 0.3 -0.0
2017.123.21:35:40 175 33 0.7 -0.0 019 15 1.0 -0.0
2017.123.21:35:45 175 33 0.5 -0.0 019 13 0.7 -0.0
2017.123.21:35:50 175 33 0.4 -0.0 019 11 0.4 -0.0
2017.123.21:35:55 175 33 0.2 -0.0 019 09 0.1 -0.0
2017.123.21:36:00 175 33 0.0 -0.0 019 06 0.9 -0.0
2017.123.21:36:05 175 32 0.8 -0.0 019 04 0.6 -0.0
2017.123.21:36:10 175 32 0.7 -0.0 019 02 0.3 -0.0
2017.123.21:36:15 175 32 0.5 -0.0 019 00 0.0 -0.0
2017.123.21:36:20 175 32 0.3 -0.0 018 57 0.8 -0.0
2017.123.21:36:25 175 32 0.1 -0.0 018 55 0.5 -0.0
2017.123.21:36:30 175 31 1.0 -0.0 018 53 0.2 -0.0
2017.123.21:36:35 175 31 0.8 -0.0 018 50 0.9 -0.0
2017.123.21:36:40 175 31 0.6 -0.0 018 48 0.7 -0.0
2017.123.21:36:45 175 31 0.4 -0.0 018 46 0.4 -0.0
2017.123.21:36:50 175 31 0.2 -0.0 018 44 0.1 -0.0
2017.123.21:36:55 175 31 0.1 -0.0 018 41 0.8 -0.0
2017.123.21:37:00 175 30 0.9 -0.0 018 39 0.6 -0.0
2017.123.21:37:05 175 30 0.7 -0.0 018 37 0.3 -0.0
2017.123.21:37:10 175 30 0.5 -0.0 018 35 0.0 -0.0
2017.123.21:37:15 175 30 0.3 -0.0 018 32 0.7 -0.0
2017.123.21:37:20 175 30 0.2 -0.0 018 30 0.5 -0.0
2017.123.21:37:25 175 29 1.0 -0.0 018 28 0.2 -0.0
2017.123.21:37:30 175 29 0.8 -0.0 018 25 0.9 -0.0
2017.123.21:37:35 175 29 0.6 -0.0 018 23 0.7 -0.0
2017.123.21:37:40 175 29 0.4 -0.0 018 21 0.4 -0.0
2017.123.21:37:45 175 29 0.2 -0.0 018 19 0.1 -0.0
2017.123.21:37:50 175 29 0.1 -0.0 018 16 0.9 -0.0
2017.123.21:37:55 175 28 0.9 -0.0 018 14 0.6 -0.0
2017.123.21:38:00 175 28 0.7 -0.0 018 12 0.3 -0.0
2017.123.21:38:05 175 28 0.5 -0.0 018 10 0.1 -0.0
2017.123.21:38:10 175 28 0.3 -0.0 018 07 0.8 -0.0
2017.123.21:38:15 175 28 0.1 -0.0 018 05 0.5 -0.0
2017.123.21:38:20 175 27 1.0 -0.0 018 03 0.3 -0.0
2017.123.21:38:25 175 27 0.8 -0.0 018 01 0.0 -0.0
2017.123.21:38:30 175 27 0.6 -0.0 017 58 0.7 -0.0
2017.123.21:38:35 175 27 0.4 -0.0 017 56 0.5 -0.0
2017.123.21:38:40 175 27 0.2 -0.0 017 54 0.2 -0.0
2017.123.21:38:45 175 27 0.0 -0.0 017 51 0.9 -0.0
2017.123.21:38:50 175 26 0.9 -0.0 017 49 0.7 -0.0
2017.123.21:38:55 175 26 0.7 -0.0 017 47 0.4 -0.0
2017.123.21:39:00 175 26 0.5 -0.0 017 45 0.2 -0.0
2017.123.21:39:05 175 26 0.3 -0.0 017 42 0.9 -0.0
2017.123.21:39:10 175 26 0.1 -0.0 017 40 0.6 -0.0
2017.123.21:39:15 175 25 0.9 -0.0 017 38 0.4 -0.0
2017.123.21:39:20 175 25 0.7 -0.0 017 36 0.1 -0.0
2017.123.21:39:25 175 25 0.5 -0.0 017 33 0.9 -0.0
2017.123.21:39:30 175 25 0.4 -0.0 017 31 0.6 -0.0
2017.123.21:39:35 175 25 0.2 -0.0 017 29 0.4 -0.0
2017.123.21:39:40 175 24 1.0 -0.0 017 27 0.1 -0.0
2017.123.21:39:45 175 24 0.8 -0.0 017 24 0.8 -0.0
2017.123.21:39:50 175 24 0.6 -0.0 017 22 0.6 -0.0
2017.123.21:39:55 175 24 0.4 -0.0 017 20 0.3 -0.0
2017.123.21:40:00 175 24 0.2 -0.0 017 18 0.1 -0.0
2017.123.21:40:05 175 24 0.0 -0.0 017 15 0.8 -0.0
2017.123.21:40:10 175 23 0.8 -0.0 017 13 0.6 -0.0
2017.123.21:40:15 175 23 0.7 -0.0 017 11 0.3 -0.0
2017.123.21:40:20 175 23 0.5 -0.0 017 09 0.1 -0.0
2017.123.21:40:25 175 23 0.3 -0.0 017 06 0.8 -0.0
2017.123.21:40:30 175 23 0.1 -0.0 017 04 0.6 -0.0
2017.123.21:40:35 175 22 0.9 -0.0 017 02 0.3 -0.0
2017.123.21:40:40 175 22 0.7 -0.0 017 00 0.1 -0.0
2017.123.21:40:45 175 22 0.5 -0.0 016 57 0.8 -0.0
2017.123.21:40:50 175 22 0.3 -0.0 016 55 0.6 -0.0
2017.123.21:40:55 175 22 0.1 -0.0 016 53 0.3 -0.0
2017.123.21:41:00 175 21 0.9 -0.0 016 51 0.1 -0.0
2017.123.21:41:05 175 21 0.7 -0.0 016 48 0.8 -0.0
2017.123.21:41:10 175 21 0.5 -0.0 016 46 0.6 -0.0
2017.123.21:41:15 175 21 0.3 -0.0 016 44 0.3 -0.0
2017.123.21:41:20 175 21 0.2 -0.0 016 42 0.1 -0.0
2017.123.21:41:25 175 20 1.0 -0.0 016 39 0.8 -0.0
2017.123.21:41:30 175 20 0.8 -0.0 016 37 0.6 -0.0
2017.123.21:41:35 175 20 0.6 -0.0 016 35 0.3 -0.0
2017.123.21:41:40 175 20 0.4 -0.0 016 33 0.1 -0.0
2017.123.21:41:45 175 20 0.2 -0.0 016 30 0.8 -0.0
2017.123.21:41:50 175 19 1.0 -0.0 016 28 0.6 -0.0
2017.123.21:41:55 175 19 0.8 -0.0 016 26 0.4 -0.0
2017.123.21:42:00 175 19 0.6 -0.0 016 24 0.1 -0.0
2017.123.21:42:05 175 19 0.4 -0.0 016 21 0.9 -0.0
2017.123.21:42:10 175 19 0.2 -0.0 016 19 0.6 -0.0
2017.123.21:42:15 175 18 1.0 -0.0 016 17 0.4 -0.0
2017.123.21:42:20 175 18 0.8 -0.0 016 15 0.2 -0.0
2017.123.21:42:25 175 18 0.6 -0.0 016 12 0.9 -0.0
2017.123.21:42:30 175 18 0.4 -0.0 016 10 0.7 -0.0
2017.123.21:42:35 175 18 0.2 -0.0 016 08 0.4 -0.0
2017.123.21:42:40 175 18 0.0 -0.0 016 06 0.2 -0.0
2017.123.21:42:45 175 17 0.8 -0.0 016 03 1.0 -0.0
2017.123.21:42:50 175 17 0.6 -0.0 016 01 0.7 -0.0
2017.123.21:42:55 175 17 0.4 -0.0 015 59 0.5 -0.0
2017.123.21:43:00 175 17 0.2 -0.0 015 57 0.2 -0.0
2017.123.21:43:05 175 17 0.0 -0.0 015 55 0.0 -0.0
2017.123.21:43:10 175 16 0.8 -0.0 015 52 0.8 -0.0
2017.123.21:43:15 175 16 0.6 -0.0 015 50 0.5 -0.0
2017.123.21:43:20 175 16 0.4 -0.0 015 48 0.3 -0.0
2017.123.21:43:25 175 16 0.2 -0.0 015 46 0.1 -0.0
2017.123.21:43:30 175 15 1.0 -0.0 015 43 0.8 -0.0
2017.123.21:43:35 175 15 0.8 -0.0 015 41 0.6 -0.0
2017.123.21:43:40 175 15 0.6 -0.0 015 39 0.4 -0.0
2017.123.21:43:45 175 15 0.4 -0.0 015 37 0.1 -0.0
2017.123.21:43:50 175 15 0.2 -0.0 015 34 0.9 -0.0
2017.123.21:43:55 175 14 1.0 -0.0 015 32 0.7 -0.0
2017.123.21:44:00 175 14 0.8 -0.0 015 30 0.5 -0.0
2017.123.21:44:05 175 14 0.6 -0.0 015 28 0.2 -0.0
2017.123.21:44:10 175 14 0.4 -0.0 015 25 1.0 -0.0
2017.123.21:44:15 175 14 0.2 -0.0 015 23 0.8 -0.0
2017.123.21:44:20 175 13 1.0 -0.0 015 21 0.5 -0.0
2017.123.21:44:25 175 13 0.8 -0.0 015 19 0.3 -0.0
2017.123.21:44:30 175 13 0.5 -0.0 015 17 0.1 -0.0
2017.123.21:44:35 175 13 0.3 -0.0 015 14 0.9 -0.0
2017.123.21:44:40 175 13 0.1 -0.0 015 12 0.6 -0.0
2017.123.21:44:45 175 12 0.9 -0.0 015 10 0.4 -0.0
2017.123.21:44:50 175 12 0.7 -0.0 015 08 0.2 -0.0
2017.123.21:44:55 175 12 0.5 -0.0 015 05 1.0 -0.0
2017.123.21:45:00 175 12 0.3 -0.0 015 03 0.7 -0.0
2017.123.21:45:05 175 12 0.1 -0.0 015 01 0.5 -0.0
2017.123.21:45:10 175 11 0.9 -0.0 014 59 0.3 -0.0
2017.123.21:45:15 175 11 0.7 -0.0 014 57 0.1 -0.0
2017.123.21:45:20 175 11 0.5 -0.0 014 54 0.8 -0.0
2017.123.21:45:25 175 11 0.3 -0.0 014 52 0.6 -0.0
2017.123.21:45:30 175 11 0.1 -0.0 014 50 0.4 -0.0
2017.123.21:45:35 175 10 0.8 -0.0 014 48 0.2 -0.0
2017.123.21:45:40 175 10 0.6 -0.0 014 45 1.0 -0.0
2017.123.21:45:45 175 10 0.4 -0.0 014 43 0.7 -0.0
2017.123.21:45:50 175 10 0.2 -0.0 014 41 0.5 -0.0
2017.123.21:45:55 175 09 1.0 -0.0 014 39 0.3 -0.0
2017.123.21:46:00 175 09 0.8 -0.0 014 37 0.1 -0.0
2017.123.21:46:05 175 09 0.6 -0.0 014 34 0.9 -0.0
2017.123.21:46:10 175 09 0.4 -0.0 014 32 0.7 -0.0
2017.123.21:46:15 175 09 0.1 -0.0 014 30 0.4 -0.0
2017.123.21:46:20 175 08 0.9 -0.0 014 28 0.2 -0.0
2017.123.21:46:25 175 08 0.7 -0.0 014 26 0.0 -0.0
2017.123.21:46:30 175 08 0.5 -0.0 014 23 0.8 -0.0
2017.123.21:46:35 175 08 0.3 -0.0 014 21 0.6 -0.0
2017.123.21:46:40 175 08 0.1 -0.0 014 19 0.4 -0.0
2017.123.21:46:45 175 07 0.9 -0.0 014 17 0.2 -0.0
2017.123.21:46:50 175 07 0.6 -0.0 014 14 0.9 -0.0
2017.123.21:46:55 175 07 0.4 -0.0 014 12 0.7 -0.0
2017.123.21:47:00 175 07 0.2 -0.0 014 10 0.5 -0.0
2017.123.21:47:05 175 06 1.0 -0.0 014 08 0.3 -0.0
2017.123.21:47:10 175 06 0.8 -0.0 014 06 0.1 -0.0
2017.123.21:47:15 175 06 0.6 -0.0 014 03 0.9 -0.0
2017.123.21:47:20 175 06 0.3 -0.0 014 01 0.7 -0.0
2017.123.21:47:25 175 06 0.1 -0.0 013 59 0.5 -0.0
2017.123.21:47:30 175 05 0.9 -0.0 013 57 0.3 -0.0
2017.123.21:47:35 175 05 0.7 -0.0 013 55 0.1 -0.0
2017.123.21:47:40 175 05 0.5 -0.0 013 52 0.8 -0.0
2017.123.21:47:45 175 05 0.3 -0.0 013 50 0.6 -0.0
2017.123.21:47:50 175 05 0.0 -0.0 013 48 0.4 -0.0
2017.123.21:47:55 175 04 0.8 -0.0 013 46 0.2 -0.0
2017.123.21:48:00 175 04 0.6 -0.0 013 44 0.0 -0.0
2017.123.21:48:05 175 04 0.4 -0.0 013 41 0.8 -0.0
2017.123.21:48:10 175 04 0.1 -0.0 013 39 0.6 -0.0
2017.123.21:48:15 175 03 0.9 -0.0 013 37 0.4 -0.0
2017.123.21:48:20 175 03 0.7 -0.0 013 35 0.2 -0.0
2017.123.21:48:25 175 03 0.5 -0.0 013 33 0.0 -0.0
2017.123.21:48:30 175 03 0.3 -0.0 013 30 0.8 -0.0
2017.123.21:48:35 175 03 0.0 -0.0 013 28 0.6 -0.0
2017.123.21:48:40 175 02 0.8 -0.0 013 26 0.4 -0.0
2017.123.21:48:45 175 02 0.6 -0.0 013 24 0.2 -0.0
2017.123.21:48:50 175 02 0.4 -0.0 013 22 0.0 -0.0
2017.123.21:48:55 175 02 0.1 -0.0 013 19 0.8 -0.0
2017.123.21:49:00 175 01 0.9 -0.0 013 17 0.6 -0.0
2017.123.21:49:05 175 01 0.7 -0.0 013 15 0.4 -0.0
2017.123.21:49:10 175 01 0.5 -0.0 013 13 0.2 -0.0
2017.123.21:49:15 175 01 0.2 -0.0 013 11 0.0 -0.0
2017.123.21:49:20 175 01 0.0 -0.0 013 08 0.8 -0.0
2017.123.21:49:25 175 00 0.8 -0.0 013 06 0.6 -0.0
2017.123.21:49:30 175 00 0.6 -0.0 013 04 0.4 -0.0
2017.123.21:49:35 175 00 0.3 -0.0 013 02 0.2 -0.0
2017.123.21:49:40 175 00 0.1 -0.0 013 00 0.0 -0.0
2017.123.21:49:45 174 59 0.9 -0.0 012 57 0.8 -0.0
2017.123.21:49:50 174 59 0.6 -0.0 012 55 0.6 -0.0
2017.123.21:49:55 174 59 0.4 -0.0 012 53 0.5 -0.0
2017.123.21:50:00 174 59 0.2 -0.0 012 51 0.3 -0.0
2017.123.21:50:05 174 58 1.0 -0.0 012 49 0.1 -0.0
2017.123.21:50:10 174 58 0.7 -0.0 012 46 0.9 -0.0
2017.123.21:50:15 174 58 0.5 -0.0 012 44 0.7 -0.0
2017.123.21:50:20 174 58 0.3 -0.0 012 42 0.5 -0.0
2017.123.21:50:25 174 58 0.0 -0.0 012 40 0.3 -0.0
2017.123.21:50:30 174 57 0.8 -0.0 012 38 0.1 -0.0
2017.123.21:50:35 174 57 0.6 -0.0 012 35 0.9 -0.0
2017.123.21:50:40 174 57 0.3 -0.0 012 33 0.7 -0.0
2017.123.21:50:45 174 57 0.1 -0.0 012 31 0.6 -0.0
2017.123.21:50:50 174 56 0.9 -0.0 012 29 0.4 -0.0
2017.123.21:50:55 174 56 0.6 -0.0 012 27 0.2 -0.0
2017.123.21:51:00 174 56 0.4 -0.0 012 24 1.0 -0.0
2017.123.21:51:05 174 56 0.2 -0.0 012 22 0.8 -0.0
2017.123.21:51:10 174 55 0.9 -0.0 012 20 0.6 -0.0
2017.123.21:51:15 174 55 0.7 -0.0 012 18 0.4 -0.0
2017.123.21:51:20 174 55 0.5 -0.0 012 16 0.3 -0.0
2017.123.21:51:25 174 55 0.2 -0.0 012 14 0.1 -0.0
2017.123.21:51:30 174 54 1.0 -0.0 012 11 0.9 -0.0
2017.123.21:51:35 174 54 0.8 -0.0 012 09 0.7 -0.0
2017.123.21:51:40 174 54 0.5 -0.0 012 07 0.5 -0.0
2017.123.21:51:45 174 54 0.3 -0.0 012 05 0.4 -0.0
2017.123.21:51:50 174 54 0.0 -0.0 012 03 0.2 -0.0
2017.123.21:51:55 174 53 0.8 -0.0 012 00 1.0 -0.0
2017.123.21:52:00 174 53 0.6 -0.0 011 58 0.8 -0.0
2017.123.21:52:05 174 53 0.3 -0.0 011 56 0.6 -0.0
2017.123.21:52:10 174 53 0.1 -0.0 011 54 0.5 -0.0
2017.123.21:52:15 174 52 0.8 -0.0 011 52 0.3 -0.0
2017.123.21:52:20 174 52 0.6 -0.0 011 50 0.1 -0.0
2017.123.21:52:25 174 52 0.4 -0.0 011 47 0.9 -0.0
2017.123.21:52:30 174 52 0.1 -0.0 011 45 0.7 -0.0
2017.123.21:52:35 174 51 0.9 -0.0 011 43 0.6 -0.0
2017.123.21:52:40 174 51 0.6 -0.0 011 41 0.4 -0.0
2017.123.21:52:45 174 51 0.4 -0.0 011 39 0.2 -0.0
2017.123.21:52:50 174 51 0.2 -0.0 011 37 0.0 -0.0
2017.123.21:52:55 174 50 0.9 -0.0 011 34 0.9 -0.0
2017.123.21:53:00 174 50 0.7 -0.0 011 32 0.7 -0.0
2017.123.21:53:05 174 50 0.4 -0.0 011 30 0.5 -0.0
2017.123.21:53:10 174 50 0.2 -0.0 011 28 0.4 -0.0
2017.123.21:53:15 174 49 0.9 -0.0 011 26 0.2 -0.0
2017.123.21:53:20 174 49 0.7 -0.0 011 24 0.0 -0.0
2017.123.21:53:25 174 49 0.4 -0.0 011 21 0.8 -0.0
2017.123.21:53:30 174 49 0.2 -0.0 011 19 0.7 -0.0
2017.123.21:53:35 174 48 1.0 -0.0 011 17 0.5 -0.0
2017.123.21:53:40 174 48 0.7 -0.0 011 15 0.3 -0.0
2017.123.21:53:45 174 48 0.5 -0.0 011 13 0.2 -0.0
2017.123.21:53:50 174 48 0.2 -0.0 011 11 0.0 -0.0
2017.123.21:53:55 174 47 1.0 -0.0 011 08 0.8 -0.0
2017.123.21:54:00 174 47 0.7 -0.0 011 06 0.7 -0.0
2017.123.21:54:05 174 47 0.5 -0.0 011 04 0.5 -0.0
2017.123.21:54:10 174 47 0.2 -0.0 011 02 0.3 -0.0
2017.123.21:54:15 174 46 1.0 -0.0 011 00 0.2 -0.0
2017.123.21:54:20 174 46 0.7 -0.0 010 58 0.0 -0.0
2017.123.21:54:25 174 46 0.5 -0.0 010 55 0.9 -0.0
2017.123.21:54:30 174 46 0.2 -0.0 010 53 0.7 -0.0
2017.123.21:54:35 174 45 1.0 -0.0 010 51 0.5 -0.0
2017.123.21:54:40 174 45 0.7 -0.0 010 49 0.4 -0.0
2017.123.21:54:45 174 45 0.5 -0.0 010 47 0.2 -0.0
2017.123.21:54:50 174 45 0.2 -0.0 010 45 0.0 -0.0
2017.123.21:54:55 174 44 1.0 -0.0 010 42 0.9 -0.0
2017.123.21:55:00 174 44 0.7 -0.0 010 40 0.7 -0.0
2017.123.21:55:05 174 44 0.4 -0.0 010 38 0.6 -0.0
2017.123.21:55:10 174 44 0.2 -0.0 010 36 0.4 -0.0
2017.123.21:55:15 174 43 0.9 -0.0 010 34 0.2 -0.0
2017.123.21:55:20 174 43 0.7 -0.0 010 32 0.1 -0.0
2017.123.21:55:25 174 43 0.4 -0.0 010 29 0.9 -0.0
2017.123.21:55:30 174 43 0.2 -0.0 010 27 0.8 -0.0
2017.123.21:55:35 174 42 0.9 -0.0 010 25 0.6 -0.0
2017.123.21:55:40 174 42 0.7 -0.0 010 23 0.5 -0.0
2017.123.21:55:45 174 42 0.4 -0.0 010 21 0.3 -0.0
2017.123.21:55:50 174 42 0.1 -0.0 010 19 0.2 -0.0
2017.123.21:55:55 174 41 0.9 -0.0 010 17 0.0 -0.0
2017.123.21:56:00 174 41 0.6 -0.0 010 14 0.8 -0.0
2017.123.21:56:05 174 41 0.4 -0.0 010 12 0.7 -0.0
2017.123.21:56:10 174 41 0.1 -0.0 010 10 0.5 -0.0
2017.123.21:56:15 174 40 0.8 -0.0 010 08 0.4 -0.0
2017.123.21:56:20 174 40 0.6 -0.0 010 06 0.2 -0.0
2017.123.21:56:25 174 40 0.3 -0.0 010 04 0.1 -0.0
2017.123.21:56:30 174 40 0.1 -0.0 010 01 0.9 -0.0
2017.123.21:56:35 174 39 0.8 -0.0 009 59 0.8 -0.0
2017.123.21:56:40 174 39 0.5 -0.0 009 57 0.6 -0.0
2017.123.21:56:45 174 39 0.3 -0.0 009 55 0.5 -0.0
2017.123.21:56:50 174 39 0.0 -0.0 009 53 0.3 -0.0
2017.123.21:56:55 174 38 0.8 -0.0 009 51 0.2 -0.0
2017.123.21:57:00 174 38 0.5 -0.0 009 49 0.1 -0.0
2017.123.21:57:05 174 38 0.2 -0.0 009 46 0.9 -0.0
2017.123.21:57:10 174 37 1.0 -0.0 009 44 0.8 -0.0
2017.123.21:57:15 174 37 0.7 -0.0 009 42 0.6 -0.0
2017.123.21:57:20 174 37 0.4 -0.0 009 40 0.5 -0.0
2017.123.21:57:25 174 37 0.2 -0.0 009 38 0.3 -0.0
2017.123.21:57:30 174 36 0.9 -0.0 009 36 0.2 -0.0
2017.123.21:57:35 174 36 0.6 -0.0 009 34 0.0 -0.0
2017.123.21:57:40 174 36 0.4 -0.0 009 31 0.9 -0.0
2017.123.21:57:45 174 36 0.1 -0.0 009 29 0.8 -0.0
2017.123.21:57:50 174 35 0.8 -0.0 009 27 0.6 -0.0
2017.123.21:57:55 174 35 0.6 -0.0 009 25 0.5 -0.0
2017.123.21:58:00 174 35 0.3 -0.0 009 23 0.3 -0.0
2017.123.21:58:05 174 35 0.0 -0.0 009 21 0.2 -0.0
2017.123.21:58:10 174 34 0.7 -0.0 009 19 0.1 -0.0
2017.123.21:58:15 174 34 0.5 -0.0 009 16 0.9 -0.0
2017.123.21:58:20 174 34 0.2 -0.0 009 14 0.8 -0.0
2017.123.21:58:25 174 33 0.9 -0.0 009 12 0.7 -0.0
2017.123.21:58:30 174 33 0.7 -0.0 009 10 0.5 -0.0
2017.123.21:58:35 174 33 0.4 -0.0 009 08 0.4 -0.0
2017.123.21:58:40 174 33 0.1 -0.0 009 06 0.2 -0.0
2017.123.21:58:45 174 32 0.8 -0.0 009 04 0.1 -0.0
2017.123.21:58:50 174 32 0.6 -0.0 009 01 1.0 -0.0
2017.123.21:58:55 174 32 0.3 -0.0 008 59 0.8 -0.0
2017.123.21:59:00 174 32 0.0 -0.0 008 57 0.7 -0.0
2017.123.21:59:05 174 31 0.7 -0.0 008 55 0.6 -0.0
2017.123.21:59:10 174 31 0.5 -0.0 008 53 0.4 -0.0
2017.123.21:59:15 174 31 0.2 -0.0 008 51 0.3 -0.0
2017.123.21:59:20 174 30 0.9 -0.0 008 49 0.2 -0.0
2017.123.21:59:25 174 30 0.6 -0.0 008 47 0.1 -0.0
2017.123.21:59:30 174 30 0.4 -0.0 008 44 0.9 -0.0
2017.123.21:59:35 174 30 0.1 -0.0 008 42 0.8 -0.0
2017.123.21:59:40 174 29 0.8 -0.0 008 40 0.7 -0.0
2017.123.21:59:45 174 29 0.5 -0.0 008 38 0.5 -0.0
2017.123.21:59:50 174 29 0.2 -0.0 008 36 0.4 -0.0
2017.123.21:59:55 174 28 1.0 -0.0 008 34 0.3 -0.0
2017.123.22:00:00 174 28 0.7 -0.0 008 32 0.2 -0.0
2017.123.22:00:05 174 28 0.4 -0.0 008 30 0.0 -0.0
2017.123.22:00:10 174 28 0.1 -0.0 008 27 0.9 -0.0
2017.123.22:00:15 174 27 0.8 -0.0 008 25 0.8 -0.0
2017.123.22:00:20 174 27 0.6 -0.0 008 23 0.7 -0.0
2017.123.22:00:25 174 27 0.3 -0.0 008 21 0.5 -0.0
2017.123.22:00:30 174 26 1.0 -0.0 008 19 0.4 -0.0
2017.123.22:00:35 174 26 0.7 -0.0 008 17 0.3 -0.0
2017.123.22:00:40 174 26 0.4 -0.0 008 15 0.2 -0.0
2017.123.22:00:45 174 26 0.1 -0.0 008 13 0.0 -0.0
2017.123.22:00:50 174 25 0.9 -0.0 008 10 0.9 -0.0
2017.123.22:00:55 174 25 0.6 -0.0 008 08 0.8 -0.0
2017.123.22:01:00 174 25 0.3 -0.0 008 06 0.7 -0.0
2017.123.22:01:05 174 25 0.0 -0.0 008 04 0.6 -0.0
2017.123.22:01:10 174 24 0.7 -0.0 008 02 0.5 -0.0
2017.123.22:01:15 174 24 0.4 -0.0 008 00 0.3 -0.0
2017.123.22:01:20 174 24 0.1 -0.0 007 58 0.2 -0.0
2017.123.22:01:25 174 23 0.9 -0.0 007 56 0.1 -0.0
2017.123.22:01:30 174 23 0.6 -0.0 007 53 1.0 -0.0
2017.123.22:01:35 174 23 0.3 -0.0 007 51 0.9 -0.0
2017.123.22:01:40 174 22 1.0 -0.0 007 49 0.8 -0.0
2017.123.22:01:45 174 22 0.7 -0.0 007 47 0.6 -0.0
2017.123.22:01:50 174 22 0.4 -0.0 007 45 0.5 -0.0
2017.123.22:01:55 174 22 0.1 -0.0 007 43 0.4 -0.0
2017.123.22:02:00 174 21 0.8 -0.0 007 41 0.3 -0.0
2017.123.22:02:05 174 21 0.5 -0.0 007 39 0.2 -0.0
2017.123.22:02:10 174 21 0.2 -0.0 007 37 0.1 -0.0
2017.123.22:02:15 174 20 0.9 -0.0 007 34 1.0 -0.0
2017.123.22:02:20 174 20 0.6 -0.0 007 32 0.9 -0.0
2017.123.22:02:25 174 20 0.4 -0.0 007 30 0.7 -0.0
2017.123.22:02:30 174 20 0.1 -0.0 007 28 0.6 -0.0
2017.123.22:02:35 174 19 0.8 -0.0 007 26 0.5 -0.0
2017.123.22:02:40 174 19 0.5 -0.0 007 24 0.4 -0.0
2017.123.22:02:45 174 19 0.2 -0.0 007 22 0.3 -0.0
2017.123.22:02:50 174 18 0.9 -0.0 007 20 0.2 -0.0
2017.123.22:02:55 174 18 0.6 -0.0 007 18 0.1 -0.0
2017.123.22:03:00 174 18 0.3 -0.0 007 15 1.0 -0.0
2017.123.22:03:05 174 17 1.0 -0.0 007 13 0.9 -0.0
2017.123.22:03:10 174 17 0.7 -0.0 007 11 0.8 -0.0
2017.123.22:03:15 174 17 0.4 -0.0 007 09 0.7 -0.0
2017.123.22:03:20 174 17 0.1 -0.0 007 07 0.6 -0.0
2017.123.22:03:25 174 16 0.8 -0.0 007 05 0.5 -0.0
2017.123.22:03:30 174 16 0.5 -0.0 007 03 0.4 -0.0
2017.123.22:03:35 174 16 0.2 -0.0 007 01 0.3 -0.0
2017.123.22:03:40 174 15 0.9 -0.0 006 59 0.2 -0.0
2017.123.22:03:45 174 15 0.6 -0.0 006 57 0.1 -0.0
2017.123.22:03:50 174 15 0.3 -0.0 006 54 1.0 -0.0
2017.123.22:03:55 174 14 1.0 -0.0 006 52 0.9 -0.0
2017.123.22:04:00 174 14 0.7 -0.0 006 50 0.8 -0.0
2017.123.22:04:05 174 14 0.4 -0.0 006 48 0.7 -0.0
2017.123.22:04:10 174 14 0.1 -0.0 006 46 0.6 -0.0
2017.123.22:04:15 174 13 0.8 -0.0 006 44 0.5 -0.0
2017.123.22:04:20 174 13 0.5 -0.0 006 42 0.4 -0.0
2017.123.22:04:25 174 13 0.1 -0.0 006 40 0.3 -0.0
2017.123.22:04:30 174 12 0.8 -0.0 006 38 0.2 -0.0
2017.123.22:04:35 174 12 0.5 -0.0 006 36 0.1 -0.0
2017.123.22:04:40 174 12 0.2 -0.0 006 33 1.0 -0.0
2017.123.22:04:45 174 11 0.9 -0.0 006 31 0.9 -0.0
2017.123.22:04:50 174 11 0.6 -0.0 006 29 0.8 -0.0
2017.123.22:04:55 174 11 0.3 -0.0 006 27 0.7 -0.0
2017.123.22:05:00 174 10 1.0 -0.0 006 25 0.6 -0.0
2017.123.22:05:05 174 10 0.7 -0.0 006 23 0.5 -0.0
2017.123.22:05:10 174 10 0.4 -0.0 006 21 0.4 -0.0
2017.123.22:05:15 174 10 0.1 -0.0 006 19 0.4 -0.0
2017.123.22:05:20 174 09 0.7 -0.0 006 17 0.3 -0.0
2017.123.22:05:25 174 09 0.4 -0.0 006 15 0.2 -0.0
2017.123.22:05:30 174 09 0.1 -0.0 006 13 0.1 -0.0
2017.123.22:05:35 174 08 0.8 -0.0 006 10 1.0 -0.0
2017.123.22:05:40 174 08 0.5 -0.0 006 08 0.9 -0.0
2017.123.22:05:45 174 08 0.2 -0.0 006 06 0.8 -0.0
2017.123.22:05:50 174 07 0.9 -0.0 006 04 0.7 -0.0
2017.123.22:05:55 174 07 0.6 -0.0 006 02 0.7 -0.0
2017.123.22:06:00 174 07 0.2 -0.0 006 00 0.6 -0.0
2017.123.22:06:05 174 06 0.9 -0.0 005 58 0.5 -0.0
2017.123.22:06:10 174 06 0.6 -0.0 005 56 0.4 -0.0
2017.123.22:06:15 174 06 0.3 -0.0 005 54 0.3 -0.0
2017.123.22:06:20 174 05 1.0 -0.0 005 52 0.2 -0.0
2017.123.22:06:25 174 05 0.7 -0.0 005 50 0.1 -0.0
2017.123.22:06:30 174 05 0.3 -0.0 005 48 0.1 -0.0
2017.123.22:06:35 174 05 0.0 -0.0 005 45 1.0 -0.0
2017.123.22:06:40 174 04 0.7 -0.0 005 43 0.9 -0.0
2017.123.22:06:45 174 04 0.4 -0.0 005 41 0.8 -0.0
2017.123.22:06:50 174 04 0.1 -0.0 005 39 0.7 -0.0
2017.123.22:06:55 174 03 0.7 -0.0 005 37 0.7 -0.0
2017.123.22:07:00 174 03 0.4 -0.0 005 35 0.6 -0.0
2017.123.22:07:05 174 03 0.1 -0.0 005 33 0.5 -0.0
2017.123.22:07:10 174 02 0.8 -0.0 005 31 0.4 -0.0
2017.123.22:07:15 174 02 0.4 -0.0 005 29 0.4 -0.0
2017.123.22:07:20 174 02 0.1 -0.0 005 27 0.3 -0.0
2017.123.22:07:25 174 01 0.8 -0.0 005 25 0.2 -0.0
2017.123.22:07:30 174 01 0.5 -0.0 005 23 0.1 -0.0
2017.123.22:07:35 174 01 0.1 -0.0 005 21 0.1 -0.0
2017.123.22:07:40 174 00 0.8 -0.0 005 18 1.0 -0.0
2017.123.22:07:45 174 00 0.5 -0.0 005 16 0.9 -0.0
2017.123.22:07:50 174 00 0.2 -0.0 005 14 0.8 -0.0
2017.123.22:07:55 173 59 0.8 -0.0 005 12 0.8 -0.0
2017.123.22:08:00 173 59 0.5 -0.0 005 10 0.7 -0.0
2017.123.22:08:05 173 59 0.2 -0.0 005 08 0.6 -0.0
2017.123.22:08:10 173 58 0.8 -0.0 005 06 0.6 -0.0
2017.123.22:08:15 173 58 0.5 -0.0 005 04 0.5 -0.0
2017.123.22:08:20 173 58 0.2 -0.0 005 02 0.4 -0.0
2017.123.22:08:25 173 57 0.9 -0.0 005 00 0.4 -0.0
2017.123.22:08:30 173 57 0.5 -0.0 004 58 0.3 -0.0
2017.123.22:08:35 173 57 0.2 -0.0 004 56 0.2 -0.0
2017.123.22:08:40 173 56 0.9 -0.0 004 54 0.2 -0.0
2017.123.22:08:45 173 56 0.5 -0.0 004 52 0.1 -0.0
2017.123.22:08:50 173 56 0.2 -0.0 004 50 0.0 -0.0
2017.123.22:08:55 173 55 0.9 -0.0 004 47 1.0 -0.0
2017.123.22:09:00 173 55 0.5 -0.0 004 45 0.9 -0.0
2017.123.22:09:05 173 55 0.2 -0.0 004 43 0.8 -0.0
2017.123.22:09:10 173 54 0.9 -0.0 004 41 0.8 -0.0
2017.123.22:09:15 173 54 0.5 -0.0 004 39 0.7 -0.0
2017.123.22:09:20 173 54 0.2 -0.0 004 37 0.6 -0.0
2017.123.22:09:25 173 53 0.8 -0.0 004 35 0.6 -0.0
2017.123.22:09:30 173 53 0.5 -0.0 004 33 0.5 -0.0
2017.123.22:09:35 173 53 0.2 -0.0 004 31 0.5 -0.0
2017.123.22:09:40 173 52 0.8 -0.0 004 29 0.4 -0.0
2017.123.22:09:45 173 52 0.5 -0.0 004 27 0.3 -0.0
2017.123.22:09:50 173 52 0.1 -0.0 004 25 0.3 -0.0
2017.123.22:09:55 173 51 0.8 -0.0 004 23 0.2 -0.0
2017.123.22:10:00 173 51 0.5 -0.0 004 21 0.2 -0.0
2017.123.22:10:05 173 51 0.1 -0.0 004 19 0.1 -0.0
2017.123.22:10:10 173 50 0.8 -0.0 004 17 0.1 -0.0
2017.123.22:10:15 173 50 0.4 -0.0 004 15 0.0 -0.0
2017.123.22:10:20 173 50 0.1 -0.0 004 12 0.9 -0.0
2017.123.22:10:25 173 49 0.8 -0.0 004 10 0.9 -0.0
2017.123.22:10:30 173 49 0.4 -0.0 004 08 0.8 -0.0
2017.123.22:10:35 173 49 0.1 -0.0 004 06 0.8 -0.0
2017.123.22:10:40 173 48 0.7 -0.0 004 04 0.7 -0.0
2017.123.22:10:45 173 48 0.4 -0.0 004 02 0.7 -0.0
2017.123.22:10:50 173 48 0.0 -0.0 004 00 0.6 -0.0
2017.123.22:10:55 173 47 0.7 -0.0 003 58 0.6 -0.0
2017.123.22:11:00 173 47 0.3 -0.0 003 56 0.5 -0.0
2017.123.22:11:05 173 46 1.0 -0.0 003 54 0.5 -0.0
2017.123.22:11:10 173 46 0.6 -0.0 003 52 0.4 -0.0
2017.123.22:11:15 173 46 0.3 -0.0 003 50 0.4 -0.0
2017.123.22:11:20 173 45 0.9 -0.0 003 48 0.3 -0.0
2017.123.22:11:25 173 45 0.6 -0.0 003 46 0.3 -0.0
2017.123.22:11:30 173 45 0.2 -0.0 003 44 0.2 -0.0
2017.123.22:11:35 173 44 0.9 -0.0 003 42 0.2 -0.0
2017.123.22:11:40 173 44 0.5 -0.0 003 40 0.2 -0.0
2017.123.22:11:45 173 44 0.2 -0.0 003 38 0.1 -0.0
2017.123.22:11:50 173 43 0.8 -0.0 003 36 0.1 -0.0
2017.123.22:11:55 173 43 0.5 -0.0 003 34 0.0 -0.0
2017.123.22:12:00 173 43 0.1 -0.0 003 31 1.0 -0.0
2017.123.22:12:05 173 42 0.8 -0.0 003 29 0.9 -0.0
2017.123.22:12:10 173 42 0.4 -0.0 003 27 0.9 -0.0
2017.123.22:12:15 173 42 0.0 -0.0 003 25 0.9 -0.0
2017.123.22:12:20 173 41 0.7 -0.0 003 23 0.8 -0.0
2017.123.22:12:25 173 41 0.3 -0.0 003 21 0.8 -0.0
2017.123.22:12:30 173 40 1.0 -0.0 003 19 0.7 -0.0
2017.123.22:12:35 173 40 0.6 -0.0 003 17 0.7 -0.0
2017.123.22:12:40 173 40 0.2 -0.0 003 15 0.7 -0.0
2017.123.22:12:45 173 39 0.9 -0.0 003 13 0.6 -0.0
2017.123.22:12:50 173 39 0.5 -0.0 003 11 0.6 -0.0
2017.123.22:12:55 173 39 0.2 -0.0 003 09 0.5 -0.0
2017.123.22:13:00 173 38 0.8 -0.0 003 07 0.5 -0.0
2017.123.22:13:05 173 38 0.4 -0.0 003 05 0.5 -0.0
2017.123.22:13:10 173 38 0.1 -0.0 003 03 0.4 -0.0
2017.123.22:13:15 173 37 0.7 -0.0 003 01 0.4 -0.0
2017.123.22:13:20 173 37 0.4 -0.0 002 59 0.4 -0.0
2017.123.22:13:25 173 36 1.0 -0.0 002 57 0.3 -0.0
2017.123.22:13:30 173 36 0.6 -0.0 002 55 0.3 -0.0
2017.123.22:13:35 173 36 0.3 -0.0 002 53 0.3 -0.0
2017.123.22:13:40 173 35 0.9 -0.0 002 51 0.2 -0.0
2017.123.22:13:45 173 35 0.5 -0.0 002 49 0.2 -0.0
2017.123.22:13:50 173 35 0.2 -0.0 002 47 0.2 -0.0
2017.123.22:13:55 173 34 0.8 -0.0 002 45 0.2 -0.0
2017.123.22:14:00 173 34 0.4 -0.0 002 43 0.1 -0.0
2017.123.22:14:05 173 34 0.1 -0.0 002 41 0.1 -0.0
2017.123.22:14:10 173 33 0.7 -0.0 002 39 0.1 -0.0
2017.123.22:14:15 173 33 0.3 -0.0 002 37 0.1 -0.0
2017.123.22:14:20 173 32 0.9 -0.0 002 35 0.0 -0.0
2017.123.22:14:25 173 32 0.6 -0.0 002 32 1.0 -0.0
2017.123.22:14:30 173 32 0.2 -0.0 002 30 1.0 -0.0
2017.123.22:14:35 173 31 0.8 -0.0 002 28 1.0 -0.0
2017.123.22:14:40 173 31 0.5 -0.0 002 26 0.9 -0.0
2017.123.22:14:45 173 31 0.1 -0.0 002 24 0.9 -0.0
2017.123.22:14:50 173 30 0.7 -0.0 002 22 0.9 -0.0
2017.123.22:14:55 173 30 0.3 -0.0 002 20 0.9 -0.0
2017.123.22:15:00 173 29 1.0 -0.0 002 18 0.8 -0.0
2017.123.22:15:05 173 29 0.6 -0.0 002 16 0.8 -0.0
2017.123.22:15:10 173 29 0.2 -0.0 002 14 0.8 -0.0
2017.123.22:15:15 173 28 0.8 -0.0 002 12 0.8 -0.0
2017.123.22:15:20 173 28 0.5 -0.0 002 10 0.8 -0.0
2017.123.22:15:25 173 28 0.1 -0.0 002 08 0.7 -0.0
2017.123.22:15:30 173 27 0.7 -0.0 002 06 0.7 -0.0
2017.123.22:15:35 173 27 0.3 -0.0 002 04 0.7 -0.0
2017.123.22:15:40 173 26 0.9 -0.0 002 02 0.7 -0.0
2017.123.22:15:45 173 26 0.6 -0.0 002 00 0.7 -0.0
2017.123.22:15:50 173 26 0.2 -0.0 001 58 0.7 -0.0
2017.123.22:15:55 173 25 0.8 -0.0 001 56 0.6 -0.0
2017.123.22:16:00 173 25 0.4 -0.0 001 54 0.6 -0.0
2017.123.22:16:05 173 25 0.0 -0.0 001 52 0.6 -0.0
2017.123.22:16:10 173 24 0.6 -0.0 001 50 0.6 -0.0
2017.123.22:16:15 173 24 0.3 -0.0 001 48 0.6 -0.0
2017.123.22:16:20 173 23 0.9 -0.0 001 46 0.6 -0.0
2017.123.22:16:25 173 23 0.5 -0.0 001 44 0.6 -0.0
2017.123.22:16:30 173 23 0.1 -0.0 001 42 0.6 -0.0
2017.123.22:16:35 173 22 0.7 -0.0 001 40 0.6 -0.0
2017.123.22:16:40 173 22 0.3 -0.0 001 38 0.5 -0.0
2017.123.22:16:45 173 21 0.9 -0.0 001 36 0.5 -0.0
2017.123.22:16:50 173 21 0.5 -0.0 001 34 0.5 -0.0
2017.123.22:16:55 173 21 0.2 -0.0 001 32 0.5 -0.0
2017.123.22:17:00 173 20 0.8 -0.0 001 30 0.5 -0.0
2017.123.22:17:05 173 20 0.4 -0.0 001 28 0.5 -0.0
2017.123.22:17:10 173 19 1.0 -0.0 001 26 0.5 -0.0
2017.123.22:17:15 173 19 0.6 -0.0 001 24 0.5 -0.0
2017.123.22:17:20 173 19 0.2 -0.0 001 22 0.5 -0.0
2017.123.22:17:25 173 18 0.8 -0.0 001 20 0.5 -0.0
2017.123.22:17:30 173 18 0.4 -0.0 001 18 0.5 -0.0
2017.123.22:17:35 173 18 0.0 -0.0 001 16 0.5 -0.0
2017.123.22:17:40 173 17 0.6 -0.0 001 14 0.5 -0.0
2017.123.22:17:45 173 17 0.2 -0.0 001 12 0.5 -0.0
2017.123.22:17:50 173 16 0.8 -0.0 001 10 0.5 -0.0
2017.123.22:17:55 173 16 0.4 -0.0 001 08 0.5 -0.0
2017.123.22:18:00 173 16 0.0 -0.0 001 06 0.5 -0.0
2017.123.22:18:05 173 15 0.6 -0.0 001 04 0.5 -0.0
2017.123.22:18:10 173 15 0.3 -0.0 001 02 0.5 -0.0
2017.123.22:18:15 173 14 0.9 -0.0 001 00 0.5 -0.0
2017.123.22:18:20 173 14 0.5 -0.0 000 58 0.5 -0.0
2017.123.22:18:25 173 14 0.1 -0.0 000 56 0.5 -0.0
2017.123.22:18:30 173 13 0.7 -0.0 000 54 0.5 -0.0
2017.123.22:18:35 173 13 0.2 -0.0 000 52 0.5 -0.0
2017.123.22:18:40 173 12 0.8 -0.0 000 50 0.5 -0.0
2017.123.22:18:45 173 12 0.4 -0.0 000 48 0.5 -0.0
2017.123.22:18:50 173 12 0.0 -0.0 000 46 0.5 -0.0
2017.123.22:18:55 173 11 0.6 -0.0 000 44 0.5 -0.0
2017.123.22:19:00 173 11 0.2 -0.0 000 42 0.5 -0.0
2017.123.22:19:05 173 10 0.8 -0.0 000 40 0.6 -0.0
2017.123.22:19:10 173 10 0.4 -0.0 000 38 0.6 -0.0
2017.123.22:19:15 173 10 0.0 -0.0 000 36 0.6 -0.0
2017.123.22:19:20 173 09 0.6 -0.0 000 34 0.6 -0.0
2017.123.22:19:25 173 09 0.2 -0.0 000 32 0.6 -0.0
2017.123.22:19:30 173 08 0.8 -0.0 000 30 0.6 -0.0
2017.123.22:19:35 173 08 0.4 -0.0 000 28 0.6 -0.0
2017.123.22:19:40 173 07 1.0 -0.0 000 26 0.6 -0.0
2017.123.22:19:45 173 07 0.6 -0.0 000 24 0.6 -0.0
2017.123.22:19:50 173 07 0.2 -0.0 000 22 0.7 -0.0
2017.123.22:19:55 173 06 0.7 -0.0 000 20 0.7 -0.0
2017.123.22:20:00 173 06 0.3 -0.0 000 18 0.7 -0.0
2017.123.22:20:05 173 05 0.9 -0.0 000 16 0.7 -0.0
2017.123.22:20:10 173 05 0.5 -0.0 000 14 0.7 -0.0
2017.123.22:20:15 173 05 0.1 -0.0 000 12 0.7 -0.0
2017.123.22:20:20 173 04 0.7 -0.0 000 10 0.8 -0.0
2017.123.22:20:25 173 04 0.3 -0.0 000 08 0.8 -0.0
2017.123.22:20:30 173 03 0.8 -0.0 000 06 0.8 -0.0
2017.123.22:20:35 173 03 0.4 -0.0 000 04 0.8 -0.0
2017.123.22:20:40 173 03 0.0 -0.0 000 02 0.8 -0.0
2017.123.22:20:45 173 02 0.6 -0.0 000 00 0.9 -0.0
2017.123.22:20:50 173 02 0.2 -0.0 000 -1 -0.1 -0.0
2017.123.22:20:55 173 01 0.8 -0.0 000 -3 -0.1 -0.0
2017.123.22:21:00 173 01 0.3 -0.0 000 -5 -0.1 -0.0
2017.123.22:21:05 173 00 0.9 -0.0 000 -7 -0.0 -0.0
2017.123.22:21:10 173 00 0.5 -0.0 000 -9 -0.0 -0.0
2017.123.22:21:15 173 00 0.1 -0.0 000 -10 -1.0 -0.0
2017.123.22:21:20 172 59 0.7 -0.0 000 -12 -1.0 -0.0
2017.123.22:21:25 172 59 0.2 -0.0 000 -14 -0.9 -0.0
2017.123.22:21:30 172 58 0.8 -0.0 000 -16 -0.9 -0.0
2017.123.22:21:35 172 58 0.4 -0.0 000 -18 -0.9 -0.0
2017.123.22:21:40 172 57 1.0 -0.0 000 -20 -0.9 -0.0
2017.123.22:21:45 172 57 0.5 -0.0 000 -22 -0.8 -0.0
2017.123.22:21:50 172 57 0.1 -0.0 000 -24 -0.8 -0.0
2017.123.22:21:55 172 56 0.7 -0.0 000 -26 -0.8 -0.0
2017.123.22:22:00 172 56 0.3 -0.0 000 -28 -0.7 -0.0
2017.123.22:22:05 172 55 0.8 -0.0 000 -30 -0.7 -0.0
2017.123.22:22:10 172 55 0.4 -0.0 000 -32 -0.7 -0.0
2017.123.22:22:15 172 54 1.0 -0.0 000 -34 -0.7 -0.0
2017.123.22:22:20 172 54 0.5 -0.0 000 -36 -0.6 -0.0
2017.123.22:22:25 172 54 0.1 -0.0 000 -38 -0.6 -0.0
2017.123.22:22:30 172 53 0.7 -0.0 000 -40 -0.5 -0.0
2017.123.22:22:35 172 53 0.2 -0.0 000 -42 -0.5 -0.0
2017.123.22:22:40 172 52 0.8 -0.0 000 -44 -0.5 -0.0
2017.123.22:22:45 172 52 0.4 -0.0 000 -46 -0.4 -0.0
2017.123.22:22:50 172 51 0.9 -0.0 000 -48 -0.4 -0.0
2017.123.22:22:55 172 51 0.5 -0.0 000 -50 -0.4 -0.0
2017.123.22:23:00 172 51 0.1 -0.0 000 -52 -0.3 -0.0
2017.123.22:23:05 172 50 0.6 -0.0 000 -54 -0.3 -0.0
2017.123.22:23:10 172 50 0.2 -0.0 000 -56 -0.3 -0.0
2017.123.22:23:15 172 49 0.8 -0.0 000 -58 -0.2 -0.0
2017.123.22:23:20 172 49 0.3 -0.0 -01 00 -0.2 -0.0
2017.123.22:23:25 172 48 0.9 -0.0 -01 -2 -0.1 -0.0
2017.123.22:23:30 172 48 0.5 -0.0 -01 -4 -0.1 -0.0
2017.123.22:23:35 172 48 0.0 -0.0 -01 -6 -0.0 -0.0
2017.123.22:23:40 172 47 0.6 -0.0 -01 -8 -0.0 -0.0
2017.123.22:23:45 172 47 0.1 -0.0 -01 -9 -1.0 -0.0
2017.123.22:23:50 172 46 0.7 -0.0 -01 -11 -0.9 -0.0
2017.123.22:23:55 172 46 0.3 -0.0 -01 -13 -0.9 -0.0
2017.123.22:24:00 172 45 0.8 -0.0 -01 -15 -0.8 -0.0
2017.123.22:24:05 172 45 0.4 -0.0 -01 -17 -0.8 -0.0
2017.123.22:24:10 172 44 0.9 -0.0 -01 -19 -0.7 -0.0
2017.123.22:24:15 172 44 0.5 -0.0 -01 -21 -0.7 -0.0
2017.123.22:24:20 172 44 0.0 -0.0 -01 -23 -0.6 -0.0
2017.123.22:24:25 172 43 0.6 -0.0 -01 -25 -0.6 -0.0
2017.123.22:24:30 172 43 0.1 -0.0 -01 -27 -0.5 -0.0
2017.123.22:24:35 172 42 0.7 -0.0 -01 -29 -0.5 -0.0
2017.123.22:24:40 172 42 0.2 -0.0 -01 -31 -0.4 -0.0
2017.123.22:24:45 172 41 0.8 -0.0 -01 -33 -0.4 -0.0
2017.123.22:24:50 172 41 0.3 -0.0 -01 -35 -0.3 -0.0
2017.123.22:24:55 172 40 0.9 -0.0 -01 -37 -0.3 -0.0
2017.123.22:25:00 172 40 0.4 -0.0 -01 -39 -0.2 -0.0
2017.123.22:25:05 172 39 1.0 -0.0 -01 -41 -0.2 -0.0
2017.123.22:25:10 172 39 0.5 -0.0 -01 -43 -0.1 -0.0
2017.123.22:25:15 172 39 0.1 -0.0 -01 -45 -0.1 -0.0
2017.123.22:25:20 172 38 0.6 -0.0 -01 -47 -0.0 -0.0
2017.123.22:25:25 172 38 0.2 -0.0 -01 -48 -0.9 -0.0
2017.123.22:25:30 172 37 0.7 -0.0 -01 -50 -0.9 -0.0
2017.123.22:25:35 172 37 0.3 -0.0 -01 -52 -0.8 -0.0
2017.123.22:25:40 172 36 0.8 -0.0 -01 -54 -0.8 -0.0
2017.123.22:25:45 172 36 0.4 -0.0 -01 -56 -0.7 -0.0
2017.123.22:25:50 172 35 0.9 -0.0 -01 -58 -0.7 -0.0
2017.123.22:25:55 172 35 0.4 -0.0 -02 00 -0.6 -0.0
2017.123.22:26:00 172 34 1.0 -0.0 -02 -2 -0.5 -0.0
2017.123.22:26:05 172 34 0.5 -0.0 -02 -4 -0.5 -0.0
2017.123.22:26:10 172 34 0.1 -0.0 -02 -6 -0.4 -0.0
2017.123.22:26:15 172 33 0.6 -0.0 -02 -8 -0.3 -0.0
2017.123.22:26:20 172 33 0.1 -0.0 -02 -10 -0.3 -0.0
2017.123.22:26:25 172 32 0.7 -0.0 -02 -12 -0.2 -0.0
2017.123.22:26:30 172 32 0.2 -0.0 -02 -14 -0.2 -0.0
2017.123.22:26:35 172 31 0.8 -0.0 -02 -16 -0.1 -0.0
2017.123.22:26:40 172 31 0.3 -0.0 -02 -18 -0.0 -0.0
2017.123.22:26:45 172 30 0.8 -0.0 -02 -19 -1.0 -0.0
2017.123.22:26:50 172 30 0.4 -0.0 -02 -21 -0.9 -0.0
2017.123.22:26:55 172 29 0.9 -0.0 -02 -23 -0.8 -0.0
2017.123.22:27:00 172 29 0.4 -0.0 -02 -25 -0.8 -0.0
2017.123.22:27:05 172 28 1.0 -0.0 -02 -27 -0.7 -0.0
2017.123.22:27:10 172 28 0.5 -0.0 -02 -29 -0.6 -0.0
2017.123.22:27:15 172 28 0.0 -0.0 -02 -31 -0.5 -0.0
2017.123.22:27:20 172 27 0.6 -0.0 -02 -33 -0.5 -0.0
2017.123.22:27:25 172 27 0.1 -0.0 -02 -35 -0.4 -0.0
2017.123.22:27:30 172 26 0.6 -0.0 -02 -37 -0.3 -0.0
2017.123.22:27:35 172 26 0.1 -0.0 -02 -39 -0.3 -0.0
2017.123.22:27:40 172 25 0.7 -0.0 -02 -41 -0.2 -0.0
2017.123.22:27:45 172 25 0.2 -0.0 -02 -43 -0.1 -0.0
2017.123.22:27:50 172 24 0.7 -0.0 -02 -45 -0.0 -0.0
2017.123.22:27:55 172 24 0.2 -0.0 -02 -46 -1.0 -0.0
2017.123.22:28:00 172 23 0.8 -0.0 -02 -48 -0.9 -0.0
2017.123.22:28:05 172 23 0.3 -0.0 -02 -50 -0.8 -0.0
2017.123.22:28:10 172 22 0.8 -0.0 -02 -52 -0.7 -0.0
2017.123.22:28:15 172 22 0.3 -0.0 -02 -54 -0.6 -0.0
2017.123.22:28:20 172 21 0.9 -0.0 -02 -56 -0.6 -0.0
2017.123.22:28:25 172 21 0.4 -0.0 -02 -58 -0.5 -0.0
2017.123.22:28:30 172 20 0.9 -0.0 -03 00 -0.4 -0.0
2017.123.22:28:35 172 20 0.4 -0.0 -03 -2 -0.3 -0.0
2017.123.22:28:40 172 19 0.9 -0.0 -03 -4 -0.2 -0.0
2017.123.22:28:45 172 19 0.5 -0.0 -03 -6 -0.2 -0.0
2017.123.22:28:50 172 18 1.0 -0.0 -03 -8 -0.1 -0.0
2017.123.22:28:55 172 18 0.5 -0.0 -03 -9 -1.0 -0.0
2017.123.22:29:00 172 18 0.0 -0.0 -03 -11 -0.9 -0.0
2017.123.22:29:05 172 17 0.5 -0.0 -03 -13 -0.8 -0.0
2017.123.22:29:10 172 17 0.0 -0.0 -03 -15 -0.7 -0.0
2017.123.22:29:15 172 16 0.6 -0.0 -03 -17 -0.7 -0.0
2017.123.22:29:20 172 16 0.1 -0.0 -03 -19 -0.6 -0.0
2017.123.22:29:25 172 15 0.6 -0.0 -03 -21 -0.5 -0.0
2017.123.22:29:30 172 15 0.1 -0.0 -03 -23 -0.4 -0.0
2017.123.22:29:35 172 14 0.6 -0.0 -03 -25 -0.3 -0.0
2017.123.22:29:40 172 14 0.1 -0.0 -03 -27 -0.2 -0.0
2017.123.22:29:45 172 13 0.6 -0.0 -03 -29 -0.1 -0.0
2017.123.22:29:50 172 13 0.1 -0.0 -03 -31 -0.0 -0.0
2017.123.22:29:55 172 12 0.6 -0.0 -03 -32 -0.9 -0.0
