# UTC Date/Time   Azimuth and AZ_Velocity   Elevation and EL_Velocity
2017.123.18:30:00 299 41 0.8 0.0 048 04 0.7 0.0
2017.123.18:30:05 299 43 0.1 0.0 048 06 0.3 0.0
2017.123.18:30:10 299 44 0.5 0.0 048 07 0.8 0.0
2017.123.18:30:15 299 45 0.9 0.0 048 09 0.3 0.0
2017.123.18:30:20 299 47 0.3 0.0 048 10 0.8 0.0
2017.123.18:30:25 299 48 0.7 0.0 048 12 0.4 0.0
2017.123.18:30:30 299 50 0.1 0.0 048 13 0.9 0.0
2017.123.18:30:35 299 51 0.5 0.0 048 15 0.4 0.0
2017.123.18:30:40 299 52 0.9 0.0 048 16 0.9 0.0
2017.123.18:30:45 299 54 0.3 0.0 048 18 0.5 0.0
2017.123.18:30:50 299 55 0.7 0.0 048 19 1.0 0.0
2017.123.18:30:55 299 57 0.1 0.0 048 21 0.5 0.0
2017.123.18:31:00 299 58 0.5 0.0 048 23 0.0 0.0
2017.123.18:31:05 299 59 0.9 0.0 048 24 0.6 0.0
2017.123.18:31:10 300 01 0.3 0.0 048 26 0.1 0.0
2017.123.18:31:15 300 02 0.7 0.0 048 27 0.6 0.0
2017.123.18:31:20 300 04 0.1 0.0 048 29 0.1 0.0
2017.123.18:31:25 300 05 0.4 0.0 048 30 0.7 0.0
2017.123.18:31:30 300 06 0.8 0.0 048 32 0.2 0.0
2017.123.18:31:35 300 08 0.2 0.0 048 33 0.7 0.0
2017.123.18:31:40 300 09 0.6 0.0 048 35 0.3 0.0
2017.123.18:31:45 300 11 0.0 0.0 048 36 0.8 0.0
2017.123.18:31:50 300 12 0.4 0.0 048 38 0.3 0.0
2017.123.18:31:55 300 13 0.8 0.0 048 39 0.9 0.0
2017.123.18:32:00 300 15 0.2 0.0 048 41 0.4 0.0
2017.123.18:32:05 300 16 0.6 0.0 048 42 0.9 0.0
2017.123.18:32:10 300 17 1.0 0.0 048 44 0.5 0.0
2017.123.18:32:15 300 19 0.4 0.0 048 45 1.0 0.0
2017.123.18:32:20 300 20 0.8 0.0 048 47 0.5 0.0
2017.123.18:32:25 300 22 0.1 0.0 048 49 0.0 0.0
2017.123.18:32:30 300 23 0.5 0.0 048 50 0.6 0.0
2017.123.18:32:35 300 24 0.9 0.0 048 52 0.1 0.0
2017.123.18:32:40 300 26 0.3 0.0 048 53 0.6 0.0
2017.123.18:32:45 300 27 0.7 0.0 048 55 0.2 0.0
2017.123.18:32:50 300 29 0.1 0.0 048 56 0.7 0.0
2017.123.18:32:55 300 30 0.5 0.0 048 58 0.2 0.0
2017.123.18:33:00 300 31 0.9 0.0 048 59 0.8 0.0
2017.123.18:33:05 300 33 0.3 0.0 049 01 0.3 0.0
2017.123.18:33:10 300 34 0.6 0.0 049 02 0.9 0.0
2017.123.18:33:15 300 36 0.0 0.0 049 04 0.4 0.0
2017.123.18:33:20 300 37 0.4 0.0 049 05 0.9 0.0
2017.123.18:33:25 300 38 0.8 0.0 049 07 0.5 0.0
2017.123.18:33:30 300 40 0.2 0.0 049 08 1.0 0.0
2017.123.18:33:35 300 41 0.6 0.0 049 10 0.5 0.0
2017.123.18:33:40 300 42 1.0 0.0 049 12 0.1 0.0
2017.123.18:33:45 300 44 0.4 0.0 049 13 0.6 0.0
2017.123.18:33:50 300 45 0.8 0.0 049 15 0.1 0.0
2017.123.18:33:55 300 47 0.1 0.0 049 16 0.7 0.0
2017.123.18:34:00 300 48 0.5 0.0 049 18 0.2 0.0
2017.123.18:34:05 300 49 0.9 0.0 049 19 0.8 0.0
2017.123.18:34:10 300 51 0.3 0.0 049 21 0.3 0.0
2017.123.18:34:15 300 52 0.7 0.0 049 22 0.8 0.0
2017.123.18:34:20 300 54 0.1 0.0 049 24 0.4 0.0
2017.123.18:34:25 300 55 0.5 0.0 049 25 0.9 0.0
2017.123.18:34:30 300 56 0.8 0.0 049 27 0.4 0.0
2017.123.18:34:35 300 58 0.2 0.0 049 28 1.0 0.0
2017.123.18:34:40 300 59 0.6 0.0 049 30 0.5 0.0
2017.123.18:34:45 301 01 0.0 0.0 049 32 0.1 0.0
2017.123.18:34:50 301 02 0.4 0.0 049 33 0.6 0.0
2017.123.18:34:55 301 03 0.8 0.0 049 35 0.2 0.0
2017.123.18:35:00 301 05 0.2 0.0 049 36 0.7 0.0
2017.123.18:35:05 301 06 0.5 0.0 049 38 0.2 0.0
2017.123.18:35:10 301 07 0.9 0.0 049 39 0.8 0.0
2017.123.18:35:15 301 09 0.3 0.0 049 41 0.3 0.0
2017.123.18:35:20 301 10 0.7 0.0 049 42 0.9 0.0
2017.123.18:35:25 301 12 0.1 0.0 049 44 0.4 0.0
2017.123.18:35:30 301 13 0.5 0.0 049 45 0.9 0.0
2017.123.18:35:35 301 14 0.9 0.0 049 47 0.5 0.0
2017.123.18:35:40 301 16 0.2 0.0 049 49 0.0 0.0
2017.123.18:35:45 301 17 0.6 0.0 049 50 0.6 0.0
2017.123.18:35:50 301 19 0.0 0.0 049 52 0.1 0.0
2017.123.18:35:55 301 20 0.4 0.0 049 53 0.7 0.0
2017.123.18:36:00 301 21 0.8 0.0 049 55 0.2 0.0
2017.123.18:36:05 301 23 0.2 0.0 049 56 0.8 0.0
2017.123.18:36:10 301 24 0.5 0.0 049 58 0.3 0.0
2017.123.18:36:15 301 25 0.9 0.0 049 59 0.8 0.0
2017.123.18:36:20 301 27 0.3 0.0 050 01 0.4 0.0
2017.123.18:36:25 301 28 0.7 0.0 050 02 0.9 0.0
2017.123.18:36:30 301 30 0.1 0.0 050 04 0.5 0.0
2017.123.18:36:35 301 31 0.5 0.0 050 06 0.0 0.0
2017.123.18:36:40 301 32 0.8 0.0 050 07 0.6 0.0
2017.123.18:36:45 301 34 0.2 0.0 050 09 0.1 0.0
2017.123.18:36:50 301 35 0.6 0.0 050 10 0.7 0.0
2017.123.18:36:55 301 36 1.0 0.0 050 12 0.2 0.0
2017.123.18:37:00 301 38 0.4 0.0 050 13 0.8 0.0
2017.123.18:37:05 301 39 0.7 0.0 050 15 0.3 0.0
2017.123.18:37:10 301 41 0.1 0.0 050 16 0.9 0.0
2017.123.18:37:15 301 42 0.5 0.0 050 18 0.4 0.0
2017.123.18:37:20 301 43 0.9 0.0 050 19 1.0 0.0
2017.123.18:37:25 301 45 0.3 0.0 050 21 0.5 0.0
2017.123.18:37:30 301 46 0.6 0.0 050 23 0.1 0.0
2017.123.18:37:35 301 48 0.0 0.0 050 24 0.6 0.0
2017.123.18:37:40 301 49 0.4 0.0 050 26 0.2 0.0
2017.123.18:37:45 301 50 0.8 0.0 050 27 0.7 0.0
2017.123.18:37:50 301 52 0.2 0.0 050 29 0.3 0.0
2017.123.18:37:55 301 53 0.5 0.0 050 30 0.8 0.0
2017.123.18:38:00 301 54 0.9 0.0 050 32 0.4 0.0
2017.123.18:38:05 301 56 0.3 0.0 050 33 0.9 0.0
2017.123.18:38:10 301 57 0.7 0.0 050 35 0.5 0.0
2017.123.18:38:15 301 59 0.1 0.0 050 37 0.0 0.0
2017.123.18:38:20 302 00 0.4 0.0 050 38 0.6 0.0
2017.123.18:38:25 302 01 0.8 0.0 050 40 0.1 0.0
2017.123.18:38:30 302 03 0.2 0.0 050 41 0.7 0.0
2017.123.18:38:35 302 04 0.6 0.0 050 43 0.2 0.0
2017.123.18:38:40 302 05 0.9 0.0 050 44 0.8 0.0
2017.123.18:38:45 302 07 0.3 0.0 050 46 0.4 0.0
2017.123.18:38:50 302 08 0.7 0.0 050 47 0.9 0.0
2017.123.18:38:55 302 10 0.1 0.0 050 49 0.5 0.0
2017.123.18:39:00 302 11 0.5 0.0 050 51 0.0 0.0
2017.123.18:39:05 302 12 0.8 0.0 050 52 0.6 0.0
2017.123.18:39:10 302 14 0.2 0.0 050 54 0.1 0.0
2017.123.18:39:15 302 15 0.6 0.0 050 55 0.7 0.0
2017.123.18:39:20 302 16 1.0 0.0 050 57 0.2 0.0
2017.123.18:39:25 302 18 0.3 0.0 050 58 0.8 0.0
2017.123.18:39:30 302 19 0.7 0.0 051 00 0.4 0.0
2017.123.18:39:35 302 21 0.1 0.0 051 01 0.9 0.0
2017.123.18:39:40 302 22 0.5 0.0 051 03 0.5 0.0
2017.123.18:39:45 302 23 0.8 0.0 051 05 0.0 0.0
2017.123.18:39:50 302 25 0.2 0.0 051 06 0.6 0.0
2017.123.18:39:55 302 26 0.6 0.0 051 08 0.1 0.0
2017.123.18:40:00 302 27 1.0 0.0 051 09 0.7 0.0
2017.123.18:40:05 302 29 0.3 0.0 051 11 0.3 0.0
2017.123.18:40:10 302 30 0.7 0.0 051 12 0.8 0.0
2017.123.18:40:15 302 32 0.1 0.0 051 14 0.4 0.0
2017.123.18:40:20 302 33 0.5 0.0 051 15 0.9 0.0
2017.123.18:40:25 302 34 0.8 0.0 051 17 0.5 0.0
2017.123.18:40:30 302 36 0.2 0.0 051 19 0.1 0.0
2017.123.18:40:35 302 37 0.6 0.0 051 20 0.6 0.0
2017.123.18:40:40 302 38 1.0 0.0 051 22 0.2 0.0
2017.123.18:40:45 302 40 0.3 0.0 051 23 0.8 0.0
2017.123.18:40:50 302 41 0.7 0.0 051 25 0.3 0.0
2017.123.18:40:55 302 43 0.1 0.0 051 26 0.9 0.0
2017.123.18:41:00 302 44 0.4 0.0 051 28 0.4 0.0
2017.123.18:41:05 302 45 0.8 0.0 051 30 0.0 0.0
2017.123.18:41:10 302 47 0.2 0.0 051 31 0.6 0.0
2017.123.18:41:15 302 48 0.6 0.0 051 33 0.1 0.0
2017.123.18:41:20 302 49 0.9 0.0 051 34 0.7 0.0
2017.123.18:41:25 302 51 0.3 0.0 051 36 0.3 0.0
2017.123.18:41:30 302 52 0.7 0.0 051 37 0.8 0.0
2017.123.18:41:35 302 54 0.0 0.0 051 39 0.4 0.0
2017.123.18:41:40 302 55 0.4 0.0 051 40 1.0 0.0
2017.123.18:41:45 302 56 0.8 0.0 051 42 0.5 0.0
2017.123.18:41:50 302 58 0.2 0.0 051 44 0.1 0.0
2017.123.18:41:55 302 59 0.5 0.0 051 45 0.6 0.0
2017.123.18:42:00 303 00 0.9 0.0 051 47 0.2 0.0
2017.123.18:42:05 303 02 0.3 0.0 051 48 0.8 0.0
2017.123.18:42:10 303 03 0.6 0.0 051 50 0.3 0.0
2017.123.18:42:15 303 05 0.0 0.0 051 51 0.9 0.0
2017.123.18:42:20 303 06 0.4 0.0 051 53 0.5 0.0
2017.123.18:42:25 303 07 0.8 0.0 051 55 0.1 0.0
2017.123.18:42:30 303 09 0.1 0.0 051 56 0.6 0.0
2017.123.18:42:35 303 10 0.5 0.0 051 58 0.2 0.0
2017.123.18:42:40 303 11 0.9 0.0 051 59 0.8 0.0
2017.123.18:42:45 303 13 0.2 0.0 052 01 0.3 0.0
2017.123.18:42:50 303 14 0.6 0.0 052 02 0.9 0.0
2017.123.18:42:55 303 15 1.0 0.0 052 04 0.5 0.0
2017.123.18:43:00 303 17 0.3 0.0 052 06 0.0 0.0
2017.123.18:43:05 303 18 0.7 0.0 052 07 0.6 0.0
2017.123.18:43:10 303 20 0.1 0.0 052 09 0.2 0.0
2017.123.18:43:15 303 21 0.4 0.0 052 10 0.7 0.0
2017.123.18:43:20 303 22 0.8 0.0 052 12 0.3 0.0
2017.123.18:43:25 303 24 0.2 0.0 052 13 0.9 0.0
2017.123.18:43:30 303 25 0.5 0.0 052 15 0.5 0.0
2017.123.18:43:35 303 26 0.9 0.0 052 17 0.0 0.0
2017.123.18:43:40 303 28 0.3 0.0 052 18 0.6 0.0
2017.123.18:43:45 303 29 0.6 0.0 052 20 0.2 0.0
2017.123.18:43:50 303 31 0.0 0.0 052 21 0.8 0.0
2017.123.18:43:55 303 32 0.4 0.0 052 23 0.3 0.0
2017.123.18:44:00 303 33 0.7 0.0 052 24 0.9 0.0
2017.123.18:44:05 303 35 0.1 0.0 052 26 0.5 0.0
2017.123.18:44:10 303 36 0.5 0.0 052 28 0.0 0.0
2017.123.18:44:15 303 37 0.8 0.0 052 29 0.6 0.0
2017.123.18:44:20 303 39 0.2 0.0 052 31 0.2 0.0
2017.123.18:44:25 303 40 0.6 0.0 052 32 0.8 0.0
2017.123.18:44:30 303 41 0.9 0.0 052 34 0.3 0.0
2017.123.18:44:35 303 43 0.3 0.0 052 35 0.9 0.0
2017.123.18:44:40 303 44 0.7 0.0 052 37 0.5 0.0
2017.123.18:44:45 303 46 0.0 0.0 052 39 0.1 0.0
2017.123.18:44:50 303 47 0.4 0.0 052 40 0.7 0.0
2017.123.18:44:55 303 48 0.8 0.0 052 42 0.2 0.0
2017.123.18:45:00 303 50 0.1 0.0 052 43 0.8 0.0
2017.123.18:45:05 303 51 0.5 0.0 052 45 0.4 0.0
2017.123.18:45:10 303 52 0.8 0.0 052 46 1.0 0.0
2017.123.18:45:15 303 54 0.2 0.0 052 48 0.5 0.0
2017.123.18:45:20 303 55 0.6 0.0 052 50 0.1 0.0
2017.123.18:45:25 303 56 0.9 0.0 052 51 0.7 0.0
2017.123.18:45:30 303 58 0.3 0.0 052 53 0.3 0.0
2017.123.18:45:35 303 59 0.7 0.0 052 54 0.9 0.0
2017.123.18:45:40 304 01 0.0 0.0 052 56 0.4 0.0
2017.123.18:45:45 304 02 0.4 0.0 052 58 0.0 0.0
2017.123.18:45:50 304 03 0.7 0.0 052 59 0.6 0.0
2017.123.18:45:55 304 05 0.1 0.0 053 01 0.2 0.0
2017.123.18:46:00 304 06 0.5 0.0 053 02 0.8 0.0
2017.123.18:46:05 304 07 0.8 0.0 053 04 0.3 0.0
2017.123.18:46:10 304 09 0.2 0.0 053 05 0.9 0.0
2017.123.18:46:15 304 10 0.5 0.0 053 07 0.5 0.0
2017.123.18:46:20 304 11 0.9 0.0 053 09 0.1 0.0
2017.123.18:46:25 304 13 0.3 0.0 053 10 0.7 0.0
2017.123.18:46:30 304 14 0.6 0.0 053 12 0.2 0.0
2017.123.18:46:35 304 15 1.0 0.0 053 13 0.8 0.0
2017.123.18:46:40 304 17 0.4 0.0 053 15 0.4 0.0
2017.123.18:46:45 304 18 0.7 0.0 053 16 1.0 0.0
2017.123.18:46:50 304 20 0.1 0.0 053 18 0.6 0.0
2017.123.18:46:55 304 21 0.4 0.0 053 20 0.2 0.0
2017.123.18:47:00 304 22 0.8 0.0 053 21 0.8 0.0
2017.123.18:47:05 304 24 0.1 0.0 053 23 0.3 0.0
2017.123.18:47:10 304 25 0.5 0.0 053 24 0.9 0.0
2017.123.18:47:15 304 26 0.9 0.0 053 26 0.5 0.0
2017.123.18:47:20 304 28 0.2 0.0 053 28 0.1 0.0
2017.123.18:47:25 304 29 0.6 0.0 053 29 0.7 0.0
2017.123.18:47:30 304 30 0.9 0.0 053 31 0.3 0.0
2017.123.18:47:35 304 32 0.3 0.0 053 32 0.9 0.0
2017.123.18:47:40 304 33 0.7 0.0 053 34 0.4 0.0
2017.123.18:47:45 304 35 0.0 0.0 053 36 0.0 0.0
2017.123.18:47:50 304 36 0.4 0.0 053 37 0.6 0.0
2017.123.18:47:55 304 37 0.7 0.0 053 39 0.2 0.0
2017.123.18:48:00 304 39 0.1 0.0 053 40 0.8 0.0
2017.123.18:48:05 304 40 0.4 0.0 053 42 0.4 0.0
2017.123.18:48:10 304 41 0.8 0.0 053 43 1.0 0.0
2017.123.18:48:15 304 43 0.2 0.0 053 45 0.6 0.0
2017.123.18:48:20 304 44 0.5 0.0 053 47 0.1 0.0
2017.123.18:48:25 304 45 0.9 0.0 053 48 0.7 0.0
2017.123.18:48:30 304 47 0.2 0.0 053 50 0.3 0.0
2017.123.18:48:35 304 48 0.6 0.0 053 51 0.9 0.0
2017.123.18:48:40 304 49 0.9 0.0 053 53 0.5 0.0
2017.123.18:48:45 304 51 0.3 0.0 053 55 0.1 0.0
2017.123.18:48:50 304 52 0.6 0.0 053 56 0.7 0.0
2017.123.18:48:55 304 54 0.0 0.0 053 58 0.3 0.0
2017.123.18:49:00 304 55 0.4 0.0 053 59 0.9 0.0
2017.123.18:49:05 304 56 0.7 0.0 054 01 0.5 0.0
2017.123.18:49:10 304 58 0.1 0.0 054 03 0.1 0.0
2017.123.18:49:15 304 59 0.4 0.0 054 04 0.7 0.0
2017.123.18:49:20 305 00 0.8 0.0 054 06 0.2 0.0
2017.123.18:49:25 305 02 0.1 0.0 054 07 0.8 0.0
2017.123.18:49:30 305 03 0.5 0.0 054 09 0.4 0.0
2017.123.18:49:35 305 04 0.8 0.0 054 11 0.0 0.0
2017.123.18:49:40 305 06 0.2 0.0 054 12 0.6 0.0
2017.123.18:49:45 305 07 0.5 0.0 054 14 0.2 0.0
2017.123.18:49:50 305 08 0.9 0.0 054 15 0.8 0.0
2017.123.18:49:55 305 10 0.2 0.0 054 17 0.4 0.0
2017.123.18:50:00 305 11 0.6 0.0 054 19 0.0 0.0
2017.123.18:50:05 305 12 0.9 0.0 054 20 0.6 0.0
2017.123.18:50:10 305 14 0.3 0.0 054 22 0.2 0.0
2017.123.18:50:15 305 15 0.7 0.0 054 23 0.8 0.0
2017.123.18:50:20 305 17 0.0 0.0 054 25 0.4 0.0
2017.123.18:50:25 305 18 0.4 0.0 054 26 1.0 0.0
2017.123.18:50:30 305 19 0.7 0.0 054 28 0.6 0.0
2017.123.18:50:35 305 21 0.1 0.0 054 30 0.2 0.0
2017.123.18:50:40 305 22 0.4 0.0 054 31 0.8 0.0
2017.123.18:50:45 305 23 0.8 0.0 054 33 0.4 0.0
2017.123.18:50:50 305 25 0.1 0.0 054 34 1.0 0.0
2017.123.18:50:55 305 26 0.5 0.0 054 36 0.6 0.0
2017.123.18:51:00 305 27 0.8 0.0 054 38 0.2 0.0
2017.123.18:51:05 305 29 0.2 0.0 054 39 0.8 0.0
2017.123.18:51:10 305 30 0.5 0.0 054 41 0.4 0.0
2017.123.18:51:15 305 31 0.9 0.0 054 42 1.0 0.0
2017.123.18:51:20 305 33 0.2 0.0 054 44 0.6 0.0
2017.123.18:51:25 305 34 0.6 0.0 054 46 0.2 0.0
2017.123.18:51:30 305 35 0.9 0.0 054 47 0.8 0.0
2017.123.18:51:35 305 37 0.3 0.0 054 49 0.4 0.0
2017.123.18:51:40 305 38 0.6 0.0 054 50 1.0 0.0
2017.123.18:51:45 305 39 1.0 0.0 054 52 0.6 0.0
2017.123.18:51:50 305 41 0.3 0.0 054 54 0.2 0.0
2017.123.18:51:55 305 42 0.6 0.0 054 55 0.8 0.0
2017.123.18:52:00 305 43 1.0 0.0 054 57 0.4 0.0
2017.123.18:52:05 305 45 0.3 0.0 054 59 0.0 0.0
2017.123.18:52:10 305 46 0.7 0.0 055 00 0.6 0.0
2017.123.18:52:15 305 48 0.0 0.0 055 02 0.2 0.0
2017.123.18:52:20 305 49 0.4 0.0 055 03 0.8 0.0
2017.123.18:52:25 305 50 0.7 0.0 055 05 0.4 0.0
2017.123.18:52:30 305 52 0.1 0.0 055 07 0.0 0.0
2017.123.18:52:35 305 53 0.4 0.0 055 08 0.6 0.0
2017.123.18:52:40 305 54 0.8 0.0 055 10 0.2 0.0
2017.123.18:52:45 305 56 0.1 0.0 055 11 0.8 0.0
2017.123.18:52:50 305 57 0.5 0.0 055 13 0.4 0.0
2017.123.18:52:55 305 58 0.8 0.0 055 15 0.1 0.0
2017.123.18:53:00 306 00 0.2 0.0 055 16 0.7 0.0
2017.123.18:53:05 306 01 0.5 0.0 055 18 0.3 0.0
2017.123.18:53:10 306 02 0.8 0.0 055 19 0.9 0.0
2017.123.18:53:15 306 04 0.2 0.0 055 21 0.5 0.0
2017.123.18:53:20 306 05 0.5 0.0 055 23 0.1 0.0
2017.123.18:53:25 306 06 0.9 0.0 055 24 0.7 0.0
2017.123.18:53:30 306 08 0.2 0.0 055 26 0.3 0.0
2017.123.18:53:35 306 09 0.6 0.0 055 27 0.9 0.0
2017.123.18:53:40 306 10 0.9 0.0 055 29 0.5 0.0
2017.123.18:53:45 306 12 0.2 0.0 055 31 0.1 0.0
2017.123.18:53:50 306 13 0.6 0.0 055 32 0.8 0.0
2017.123.18:53:55 306 14 0.9 0.0 055 34 0.4 0.0
2017.123.18:54:00 306 16 0.3 0.0 055 35 1.0 0.0
2017.123.18:54:05 306 17 0.6 0.0 055 37 0.6 0.0
2017.123.18:54:10 306 18 1.0 0.0 055 39 0.2 0.0
2017.123.18:54:15 306 20 0.3 0.0 055 40 0.8 0.0
2017.123.18:54:20 306 21 0.6 0.0 055 42 0.4 0.0
2017.123.18:54:25 306 22 1.0 0.0 055 44 0.0 0.0
2017.123.18:54:30 306 24 0.3 0.0 055 45 0.6 0.0
2017.123.18:54:35 306 25 0.7 0.0 055 47 0.3 0.0
2017.123.18:54:40 306 27 0.0 0.0 055 48 0.9 0.0
2017.123.18:54:45 306 28 0.4 0.0 055 50 0.5 0.0
2017.123.18:54:50 306 29 0.7 0.0 055 52 0.1 0.0
2017.123.18:54:55 306 31 0.0 0.0 055 53 0.7 0.0
2017.123.18:55:00 306 32 0.4 0.0 055 55 0.3 0.0
2017.123.18:55:05 306 33 0.7 0.0 055 56 0.9 0.0
2017.123.18:55:10 306 35 0.1 0.0 055 58 0.6 0.0
2017.123.18:55:15 306 36 0.4 0.0 056 00 0.2 0.0
2017.123.18:55:20 306 37 0.7 0.0 056 01 0.8 0.0
2017.123.18:55:25 306 39 0.1 0.0 056 03 0.4 0.0
2017.123.18:55:30 306 40 0.4 0.0 056 05 0.0 0.0
2017.123.18:55:35 306 41 0.8 0.0 056 06 0.6 0.0
2017.123.18:55:40 306 43 0.1 0.0 056 08 0.3 0.0
2017.123.18:55:45 306 44 0.4 0.0 056 09 0.9 0.0
2017.123.18:55:50 306 45 0.8 0.0 056 11 0.5 0.0
2017.123.18:55:55 306 47 0.1 0.0 056 13 0.1 0.0
2017.123.18:56:00 306 48 0.4 0.0 056 14 0.7 0.0
2017.123.18:56:05 306 49 0.8 0.0 056 16 0.4 0.0
2017.123.18:56:10 306 51 0.1 0.0 056 17 1.0 0.0
2017.123.18:56:15 306 52 0.5 0.0 056 19 0.6 0.0
2017.123.18:56:20 306 53 0.8 0.0 056 21 0.2 0.0
2017.123.18:56:25 306 55 0.1 0.0 056 22 0.8 0.0
2017.123.18:56:30 306 56 0.5 0.0 056 24 0.5 0.0
2017.123.18:56:35 306 57 0.8 0.0 056 26 0.1 0.0
2017.123.18:56:40 306 59 0.1 0.0 056 27 0.7 0.0
2017.123.18:56:45 307 00 0.5 0.0 056 29 0.3 0.0
2017.123.18:56:50 307 01 0.8 0.0 056 30 0.9 0.0
2017.123.18:56:55 307 03 0.2 0.0 056 32 0.6 0.0
2017.123.18:57:00 307 04 0.5 0.0 056 34 0.2 0.0
2017.123.18:57:05 307 05 0.8 0.0 056 35 0.8 0.0
2017.123.18:57:10 307 07 0.2 0.0 056 37 0.4 0.0
2017.123.18:57:15 307 08 0.5 0.0 056 39 0.1 0.0
2017.123.18:57:20 307 09 0.8 0.0 056 40 0.7 0.0
2017.123.18:57:25 307 11 0.2 0.0 056 42 0.3 0.0
2017.123.18:57:30 307 12 0.5 0.0 056 43 0.9 0.0
2017.123.18:57:35 307 13 0.8 0.0 056 45 0.5 0.0
2017.123.18:57:40 307 15 0.2 0.0 056 47 0.2 0.0
2017.123.18:57:45 307 16 0.5 0.0 056 48 0.8 0.0
2017.123.18:57:50 307 17 0.8 0.0 056 50 0.4 0.0
2017.123.18:57:55 307 19 0.2 0.0 056 52 0.0 0.0
2017.123.18:58:00 307 20 0.5 0.0 056 53 0.7 0.0
2017.123.18:58:05 307 21 0.8 0.0 056 55 0.3 0.0
2017.123.18:58:10 307 23 0.2 0.0 056 56 0.9 0.0
2017.123.18:58:15 307 24 0.5 0.0 056 58 0.6 0.0
2017.123.18:58:20 307 25 0.8 0.0 057 00 0.2 0.0
2017.123.18:58:25 307 27 0.2 0.0 057 01 0.8 0.0
2017.123.18:58:30 307 28 0.5 0.0 057 03 0.4 0.0
2017.123.18:58:35 307 29 0.8 0.0 057 05 0.1 0.0
2017.123.18:58:40 307 31 0.2 0.0 057 06 0.7 0.0
2017.123.18:58:45 307 32 0.5 0.0 057 08 0.3 0.0
2017.123.18:58:50 307 33 0.8 0.0 057 09 1.0 0.0
2017.123.18:58:55 307 35 0.1 0.0 057 11 0.6 0.0
2017.123.18:59:00 307 36 0.5 0.0 057 13 0.2 0.0
2017.123.18:59:05 307 37 0.8 0.0 057 14 0.8 0.0
2017.123.18:59:10 307 39 0.1 0.0 057 16 0.5 0.0
2017.123.18:59:15 307 40 0.5 0.0 057 18 0.1 0.0
2017.123.18:59:20 307 41 0.8 0.0 057 19 0.7 0.0
2017.123.18:59:25 307 43 0.1 0.0 057 21 0.4 0.0
2017.123.18:59:30 307 44 0.5 0.0 057 23 0.0 0.0
2017.123.18:59:35 307 45 0.8 0.0 057 24 0.6 0.0
2017.123.18:59:40 307 47 0.1 0.0 057 26 0.3 0.0
2017.123.18:59:45 307 48 0.4 0.0 057 27 0.9 0.0
2017.123.18:59:50 307 49 0.8 0.0 057 29 0.5 0.0
2017.123.18:59:55 307 51 0.1 0.0 057 31 0.2 0.0
2017.123.19:00:00 307 52 0.4 0.0 057 32 0.8 0.0
2017.123.19:00:05 307 53 0.8 0.0 057 34 0.4 0.0
2017.123.19:00:10 307 55 0.1 0.0 057 36 0.1 0.0
2017.123.19:00:15 307 56 0.4 0.0 057 37 0.7 0.0
2017.123.19:00:20 307 57 0.7 0.0 057 39 0.3 0.0
2017.123.19:00:25 307 59 0.1 0.0 057 40 1.0 0.0
2017.123.19:00:30 308 00 0.4 0.0 057 42 0.6 0.0
2017.123.19:00:35 308 01 0.7 0.0 057 44 0.2 0.0
2017.123.19:00:40 308 03 0.1 0.0 057 45 0.9 0.0
2017.123.19:00:45 308 04 0.4 0.0 057 47 0.5 0.0
2017.123.19:00:50 308 05 0.7 0.0 057 49 0.2 0.0
2017.123.19:00:55 308 07 0.0 0.0 057 50 0.8 0.0
2017.123.19:01:00 308 08 0.4 0.0 057 52 0.4 0.0
2017.123.19:01:05 308 09 0.7 0.0 057 54 0.1 0.0
2017.123.19:01:10 308 11 0.0 0.0 057 55 0.7 0.0
2017.123.19:01:15 308 12 0.3 0.0 057 57 0.4 0.0
2017.123.19:01:20 308 13 0.7 0.0 057 58 1.0 0.0
2017.123.19:01:25 308 14 1.0 0.0 058 00 0.6 0.0
2017.123.19:01:30 308 16 0.3 0.0 058 02 0.3 0.0
2017.123.19:01:35 308 17 0.6 0.0 058 03 0.9 0.0
2017.123.19:01:40 308 18 1.0 0.0 058 05 0.6 0.0
2017.123.19:01:45 308 20 0.3 0.0 058 07 0.2 0.0
2017.123.19:01:50 308 21 0.6 0.0 058 08 0.8 0.0
2017.123.19:01:55 308 22 0.9 0.0 058 10 0.5 0.0
2017.123.19:02:00 308 24 0.2 0.0 058 12 0.1 0.0
2017.123.19:02:05 308 25 0.6 0.0 058 13 0.8 0.0
2017.123.19:02:10 308 26 0.9 0.0 058 15 0.4 0.0
2017.123.19:02:15 308 28 0.2 0.0 058 17 0.0 0.0
2017.123.19:02:20 308 29 0.5 0.0 058 18 0.7 0.0
2017.123.19:02:25 308 30 0.9 0.0 058 20 0.3 0.0
2017.123.19:02:30 308 32 0.2 0.0 058 21 1.0 0.0
2017.123.19:02:35 308 33 0.5 0.0 058 23 0.6 0.0
2017.123.19:02:40 308 34 0.8 0.0 058 25 0.3 0.0
2017.123.19:02:45 308 36 0.1 0.0 058 26 0.9 0.0
2017.123.19:02:50 308 37 0.5 0.0 058 28 0.6 0.0
2017.123.19:02:55 308 38 0.8 0.0 058 30 0.2 0.0
2017.123.19:03:00 308 40 0.1 0.0 058 31 0.8 0.0
2017.123.19:03:05 308 41 0.4 0.0 058 33 0.5 0.0
2017.123.19:03:10 308 42 0.7 0.0 058 35 0.1 0.0
2017.123.19:03:15 308 44 0.1 0.0 058 36 0.8 0.0
2017.123.19:03:20 308 45 0.4 0.0 058 38 0.4 0.0
2017.123.19:03:25 308 46 0.7 0.0 058 40 0.1 0.0
2017.123.19:03:30 308 48 0.0 0.0 058 41 0.7 0.0
2017.123.19:03:35 308 49 0.3 0.0 058 43 0.4 0.0
2017.123.19:03:40 308 50 0.7 0.0 058 45 0.0 0.0
2017.123.19:03:45 308 51 1.0 0.0 058 46 0.7 0.0
2017.123.19:03:50 308 53 0.3 0.0 058 48 0.3 0.0
2017.123.19:03:55 308 54 0.6 0.0 058 49 1.0 0.0
2017.123.19:04:00 308 55 0.9 0.0 058 51 0.6 0.0
2017.123.19:04:05 308 57 0.3 0.0 058 53 0.3 0.0
2017.123.19:04:10 308 58 0.6 0.0 058 54 0.9 0.0
2017.123.19:04:15 308 59 0.9 0.0 058 56 0.6 0.0
2017.123.19:04:20 309 01 0.2 0.0 058 58 0.2 0.0
2017.123.19:04:25 309 02 0.5 0.0 058 59 0.9 0.0
2017.123.19:04:30 309 03 0.8 0.0 059 01 0.5 0.0
2017.123.19:04:35 309 05 0.2 0.0 059 03 0.2 0.0
2017.123.19:04:40 309 06 0.5 0.0 059 04 0.8 0.0
2017.123.19:04:45 309 07 0.8 0.0 059 06 0.5 0.0
2017.123.19:04:50 309 09 0.1 0.0 059 08 0.1 0.0
2017.123.19:04:55 309 10 0.4 0.0 059 09 0.8 0.0
2017.123.19:05:00 309 11 0.7 0.0 059 11 0.4 0.0
2017.123.19:05:05 309 13 0.1 0.0 059 13 0.1 0.0
2017.123.19:05:10 309 14 0.4 0.0 059 14 0.7 0.0
2017.123.19:05:15 309 15 0.7 0.0 059 16 0.4 0.0
2017.123.19:05:20 309 16 1.0 0.0 059 18 0.1 0.0
2017.123.19:05:25 309 18 0.3 0.0 059 19 0.7 0.0
2017.123.19:05:30 309 19 0.6 0.0 059 21 0.4 0.0
2017.123.19:05:35 309 20 0.9 0.0 059 23 0.0 0.0
2017.123.19:05:40 309 22 0.3 0.0 059 24 0.7 0.0
2017.123.19:05:45 309 23 0.6 0.0 059 26 0.3 0.0
2017.123.19:05:50 309 24 0.9 0.0 059 27 1.0 0.0
2017.123.19:05:55 309 26 0.2 0.0 059 29 0.6 0.0
2017.123.19:06:00 309 27 0.5 0.0 059 31 0.3 0.0
2017.123.19:06:05 309 28 0.8 0.0 059 32 1.0 0.0
2017.123.19:06:10 309 30 0.1 0.0 059 34 0.6 0.0
2017.123.19:06:15 309 31 0.4 0.0 059 36 0.3 0.0
2017.123.19:06:20 309 32 0.8 0.0 059 37 0.9 0.0
2017.123.19:06:25 309 34 0.1 0.0 059 39 0.6 0.0
2017.123.19:06:30 309 35 0.4 0.0 059 41 0.3 0.0
2017.123.19:06:35 309 36 0.7 0.0 059 42 0.9 0.0
2017.123.19:06:40 309 38 0.0 0.0 059 44 0.6 0.0
2017.123.19:06:45 309 39 0.3 0.0 059 46 0.2 0.0
2017.123.19:06:50 309 40 0.6 0.0 059 47 0.9 0.0
2017.123.19:06:55 309 41 0.9 0.0 059 49 0.6 0.0
2017.123.19:07:00 309 43 0.2 0.0 059 51 0.2 0.0
2017.123.19:07:05 309 44 0.6 0.0 059 52 0.9 0.0
2017.123.19:07:10 309 45 0.9 0.0 059 54 0.5 0.0
2017.123.19:07:15 309 47 0.2 0.0 059 56 0.2 0.0
2017.123.19:07:20 309 48 0.5 0.0 059 57 0.9 0.0
2017.123.19:07:25 309 49 0.8 0.0 059 59 0.5 0.0
2017.123.19:07:30 309 51 0.1 0.0 060 01 0.2 0.0
2017.123.19:07:35 309 52 0.4 0.0 060 02 0.9 0.0
2017.123.19:07:40 309 53 0.7 0.0 060 04 0.5 0.0
2017.123.19:07:45 309 55 0.0 0.0 060 06 0.2 0.0
2017.123.19:07:50 309 56 0.3 0.0 060 07 0.9 0.0
2017.123.19:07:55 309 57 0.6 0.0 060 09 0.5 0.0
2017.123.19:08:00 309 58 1.0 0.0 060 11 0.2 0.0
2017.123.19:08:05 310 00 0.3 0.0 060 12 0.8 0.0
2017.123.19:08:10 310 01 0.6 0.0 060 14 0.5 0.0
2017.123.19:08:15 310 02 0.9 0.0 060 16 0.2 0.0
2017.123.19:08:20 310 04 0.2 0.0 060 17 0.8 0.0
2017.123.19:08:25 310 05 0.5 0.0 060 19 0.5 0.0
2017.123.19:08:30 310 06 0.8 0.0 060 21 0.2 0.0
2017.123.19:08:35 310 08 0.1 0.0 060 22 0.8 0.0
2017.123.19:08:40 310 09 0.4 0.0 060 24 0.5 0.0
2017.123.19:08:45 310 10 0.7 0.0 060 26 0.2 0.0
2017.123.19:08:50 310 12 0.0 0.0 060 27 0.9 0.0
2017.123.19:08:55 310 13 0.3 0.0 060 29 0.5 0.0
2017.123.19:09:00 310 14 0.6 0.0 060 31 0.2 0.0
2017.123.19:09:05 310 15 0.9 0.0 060 32 0.9 0.0
2017.123.19:09:10 310 17 0.2 0.0 060 34 0.5 0.0
2017.123.19:09:15 310 18 0.5 0.0 060 36 0.2 0.0
2017.123.19:09:20 310 19 0.8 0.0 060 37 0.9 0.0
2017.123.19:09:25 310 21 0.2 0.0 060 39 0.5 0.0
2017.123.19:09:30 310 22 0.5 0.0 060 41 0.2 0.0
2017.123.19:09:35 310 23 0.8 0.0 060 42 0.9 0.0
2017.123.19:09:40 310 25 0.1 0.0 060 44 0.6 0.0
2017.123.19:09:45 310 26 0.4 0.0 060 46 0.2 0.0
2017.123.19:09:50 310 27 0.7 0.0 060 47 0.9 0.0
2017.123.19:09:55 310 28 1.0 0.0 060 49 0.6 0.0
2017.123.19:10:00 310 30 0.3 0.0 060 51 0.2 0.0
2017.123.19:10:05 310 31 0.6 0.0 060 52 0.9 0.0
2017.123.19:10:10 310 32 0.9 0.0 060 54 0.6 0.0
2017.123.19:10:15 310 34 0.2 0.0 060 56 0.3 0.0
2017.123.19:10:20 310 35 0.5 0.0 060 57 0.9 0.0
2017.123.19:10:25 310 36 0.8 0.0 060 59 0.6 0.0
2017.123.19:10:30 310 38 0.1 0.0 061 01 0.3 0.0
2017.123.19:10:35 310 39 0.4 0.0 061 02 1.0 0.0
2017.123.19:10:40 310 40 0.7 0.0 061 04 0.6 0.0
2017.123.19:10:45 310 41 1.0 0.0 061 06 0.3 0.0
2017.123.19:10:50 310 43 0.3 0.0 061 07 1.0 0.0
2017.123.19:10:55 310 44 0.6 0.0 061 09 0.7 0.0
2017.123.19:11:00 310 45 0.9 0.0 061 11 0.4 0.0
2017.123.19:11:05 310 47 0.2 0.0 061 13 0.0 0.0
2017.123.19:11:10 310 48 0.5 0.0 061 14 0.7 0.0
2017.123.19:11:15 310 49 0.8 0.0 061 16 0.4 0.0
2017.123.19:11:20 310 51 0.1 0.0 061 18 0.1 0.0
2017.123.19:11:25 310 52 0.4 0.0 061 19 0.7 0.0
2017.123.19:11:30 310 53 0.7 0.0 061 21 0.4 0.0
2017.123.19:11:35 310 54 1.0 0.0 061 23 0.1 0.0
2017.123.19:11:40 310 56 0.3 0.0 061 24 0.8 0.0
2017.123.19:11:45 310 57 0.6 0.0 061 26 0.5 0.0
2017.123.19:11:50 310 58 0.9 0.0 061 28 0.1 0.0
2017.123.19:11:55 311 00 0.2 0.0 061 29 0.8 0.0
2017.123.19:12:00 311 01 0.5 0.0 061 31 0.5 0.0
2017.123.19:12:05 311 02 0.8 0.0 061 33 0.2 0.0
2017.123.19:12:10 311 04 0.1 0.0 061 34 0.9 0.0
2017.123.19:12:15 311 05 0.4 0.0 061 36 0.5 0.0
2017.123.19:12:20 311 06 0.7 0.0 061 38 0.2 0.0
2017.123.19:12:25 311 07 1.0 0.0 061 39 0.9 0.0
2017.123.19:12:30 311 09 0.2 0.0 061 41 0.6 0.0
2017.123.19:12:35 311 10 0.5 0.0 061 43 0.3 0.0
2017.123.19:12:40 311 11 0.8 0.0 061 44 1.0 0.0
2017.123.19:12:45 311 13 0.1 0.0 061 46 0.6 0.0
2017.123.19:12:50 311 14 0.4 0.0 061 48 0.3 0.0
2017.123.19:12:55 311 15 0.7 0.0 061 50 0.0 0.0
2017.123.19:13:00 311 17 0.0 0.0 061 51 0.7 0.0
2017.123.19:13:05 311 18 0.3 0.0 061 53 0.4 0.0
2017.123.19:13:10 311 19 0.6 0.0 061 55 0.1 0.0
2017.123.19:13:15 311 20 0.9 0.0 061 56 0.8 0.0
2017.123.19:13:20 311 22 0.2 0.0 061 58 0.4 0.0
2017.123.19:13:25 311 23 0.5 0.0 062 00 0.1 0.0
2017.123.19:13:30 311 24 0.8 0.0 062 01 0.8 0.0
2017.123.19:13:35 311 26 0.1 0.0 062 03 0.5 0.0
2017.123.19:13:40 311 27 0.4 0.0 062 05 0.2 0.0
2017.123.19:13:45 311 28 0.7 0.0 062 06 0.9 0.0
2017.123.19:13:50 311 29 1.0 0.0 062 08 0.6 0.0
2017.123.19:13:55 311 31 0.2 0.0 062 10 0.3 0.0
2017.123.19:14:00 311 32 0.5 0.0 062 11 1.0 0.0
2017.123.19:14:05 311 33 0.8 0.0 062 13 0.6 0.0
2017.123.19:14:10 311 35 0.1 0.0 062 15 0.3 0.0
2017.123.19:14:15 311 36 0.4 0.0 062 17 0.0 0.0
2017.123.19:14:20 311 37 0.7 0.0 062 18 0.7 0.0
2017.123.19:14:25 311 38 1.0 0.0 062 20 0.4 0.0
2017.123.19:14:30 311 40 0.3 0.0 062 22 0.1 0.0
2017.123.19:14:35 311 41 0.6 0.0 062 23 0.8 0.0
2017.123.19:14:40 311 42 0.9 0.0 062 25 0.5 0.0
2017.123.19:14:45 311 44 0.2 0.0 062 27 0.2 0.0
2017.123.19:14:50 311 45 0.4 0.0 062 28 0.9 0.0
2017.123.19:14:55 311 46 0.7 0.0 062 30 0.6 0.0
2017.123.19:15:00 311 48 0.0 0.0 062 32 0.2 0.0
2017.123.19:15:05 311 49 0.3 0.0 062 33 0.9 0.0
2017.123.19:15:10 311 50 0.6 0.0 062 35 0.6 0.0
2017.123.19:15:15 311 51 0.9 0.0 062 37 0.3 0.0
2017.123.19:15:20 311 53 0.2 0.0 062 39 0.0 0.0
2017.123.19:15:25 311 54 0.5 0.0 062 40 0.7 0.0
2017.123.19:15:30 311 55 0.8 0.0 062 42 0.4 0.0
2017.123.19:15:35 311 57 0.0 0.0 062 44 0.1 0.0
2017.123.19:15:40 311 58 0.3 0.0 062 45 0.8 0.0
2017.123.19:15:45 311 59 0.6 0.0 062 47 0.5 0.0
2017.123.19:15:50 312 00 0.9 0.0 062 49 0.2 0.0
2017.123.19:15:55 312 02 0.2 0.0 062 50 0.9 0.0
2017.123.19:16:00 312 03 0.5 0.0 062 52 0.6 0.0
2017.123.19:16:05 312 04 0.8 0.0 062 54 0.3 0.0
2017.123.19:16:10 312 06 0.0 0.0 062 55 1.0 0.0
2017.123.19:16:15 312 07 0.3 0.0 062 57 0.7 0.0
2017.123.19:16:20 312 08 0.6 0.0 062 59 0.4 0.0
2017.123.19:16:25 312 09 0.9 0.0 063 01 0.1 0.0
2017.123.19:16:30 312 11 0.2 0.0 063 02 0.8 0.0
2017.123.19:16:35 312 12 0.5 0.0 063 04 0.5 0.0
2017.123.19:16:40 312 13 0.8 0.0 063 06 0.2 0.0
2017.123.19:16:45 312 15 0.0 0.0 063 07 0.9 0.0
2017.123.19:16:50 312 16 0.3 0.0 063 09 0.6 0.0
2017.123.19:16:55 312 17 0.6 0.0 063 11 0.3 0.0
2017.123.19:17:00 312 18 0.9 0.0 063 12 1.0 0.0
2017.123.19:17:05 312 20 0.2 0.0 063 14 0.7 0.0
2017.123.19:17:10 312 21 0.5 0.0 063 16 0.4 0.0
2017.123.19:17:15 312 22 0.7 0.0 063 18 0.1 0.0
2017.123.19:17:20 312 24 0.0 0.0 063 19 0.8 0.0
2017.123.19:17:25 312 25 0.3 0.0 063 21 0.5 0.0
2017.123.19:17:30 312 26 0.6 0.0 063 23 0.2 0.0
2017.123.19:17:35 312 27 0.9 0.0 063 24 0.9 0.0
2017.123.19:17:40 312 29 0.2 0.0 063 26 0.6 0.0
2017.123.19:17:45 312 30 0.4 0.0 063 28 0.3 0.0
2017.123.19:17:50 312 31 0.7 0.0 063 30 0.0 0.0
2017.123.19:17:55 312 33 0.0 0.0 063 31 0.7 0.0
2017.123.19:18:00 312 34 0.3 0.0 063 33 0.4 0.0
2017.123.19:18:05 312 35 0.6 0.0 063 35 0.1 0.0
2017.123.19:18:10 312 36 0.8 0.0 063 36 0.8 0.0
2017.123.19:18:15 312 38 0.1 0.0 063 38 0.5 0.0
2017.123.19:18:20 312 39 0.4 0.0 063 40 0.2 0.0
2017.123.19:18:25 312 40 0.7 0.0 063 41 1.0 0.0
2017.123.19:18:30 312 41 1.0 0.0 063 43 0.7 0.0
2017.123.19:18:35 312 43 0.2 0.0 063 45 0.4 0.0
2017.123.19:18:40 312 44 0.5 0.0 063 47 0.1 0.0
2017.123.19:18:45 312 45 0.8 0.0 063 48 0.8 0.0
2017.123.19:18:50 312 47 0.1 0.0 063 50 0.5 0.0
2017.123.19:18:55 312 48 0.4 0.0 063 52 0.2 0.0
2017.123.19:19:00 312 49 0.6 0.0 063 53 0.9 0.0
2017.123.19:19:05 312 50 0.9 0.0 063 55 0.6 0.0
2017.123.19:19:10 312 52 0.2 0.0 063 57 0.3 0.0
2017.123.19:19:15 312 53 0.5 0.0 063 59 0.0 0.0
2017.123.19:19:20 312 54 0.8 0.0 064 00 0.7 0.0
2017.123.19:19:25 312 56 0.0 0.0 064 02 0.5 0.0
2017.123.19:19:30 312 57 0.3 0.0 064 04 0.2 0.0
2017.123.19:19:35 312 58 0.6 0.0 064 05 0.9 0.0
2017.123.19:19:40 312 59 0.9 0.0 064 07 0.6 0.0
2017.123.19:19:45 313 01 0.1 0.0 064 09 0.3 0.0
2017.123.19:19:50 313 02 0.4 0.0 064 11 0.0 0.0
2017.123.19:19:55 313 03 0.7 0.0 064 12 0.7 0.0
2017.123.19:20:00 313 04 1.0 0.0 064 14 0.4 0.0
2017.123.19:20:05 313 06 0.2 0.0 064 16 0.2 0.0
2017.123.19:20:10 313 07 0.5 0.0 064 17 0.9 0.0
2017.123.19:20:15 313 08 0.8 0.0 064 19 0.6 0.0
2017.123.19:20:20 313 10 0.1 0.0 064 21 0.3 0.0
2017.123.19:20:25 313 11 0.3 0.0 064 23 0.0 0.0
2017.123.19:20:30 313 12 0.6 0.0 064 24 0.7 0.0
2017.123.19:20:35 313 13 0.9 0.0 064 26 0.4 0.0
2017.123.19:20:40 313 15 0.2 0.0 064 28 0.2 0.0
2017.123.19:20:45 313 16 0.4 0.0 064 29 0.9 0.0
2017.123.19:20:50 313 17 0.7 0.0 064 31 0.6 0.0
2017.123.19:20:55 313 18 1.0 0.0 064 33 0.3 0.0
2017.123.19:21:00 313 20 0.3 0.0 064 35 0.0 0.0
2017.123.19:21:05 313 21 0.5 0.0 064 36 0.7 0.0
2017.123.19:21:10 313 22 0.8 0.0 064 38 0.5 0.0
2017.123.19:21:15 313 24 0.1 0.0 064 40 0.2 0.0
2017.123.19:21:20 313 25 0.4 0.0 064 41 0.9 0.0
2017.123.19:21:25 313 26 0.6 0.0 064 43 0.6 0.0
2017.123.19:21:30 313 27 0.9 0.0 064 45 0.3 0.0
2017.123.19:21:35 313 29 0.2 0.0 064 47 0.1 0.0
2017.123.19:21:40 313 30 0.4 0.0 064 48 0.8 0.0
2017.123.19:21:45 313 31 0.7 0.0 064 50 0.5 0.0
2017.123.19:21:50 313 32 1.0 0.0 064 52 0.2 0.0
2017.123.19:21:55 313 34 0.2 0.0 064 53 0.9 0.0
2017.123.19:22:00 313 35 0.5 0.0 064 55 0.7 0.0
2017.123.19:22:05 313 36 0.8 0.0 064 57 0.4 0.0
2017.123.19:22:10 313 38 0.1 0.0 064 59 0.1 0.0
2017.123.19:22:15 313 39 0.3 0.0 065 00 0.8 0.0
2017.123.19:22:20 313 40 0.6 0.0 065 02 0.5 0.0
2017.123.19:22:25 313 41 0.9 0.0 065 04 0.3 0.0
2017.123.19:22:30 313 43 0.1 0.0 065 05 1.0 0.0
2017.123.19:22:35 313 44 0.4 0.0 065 07 0.7 0.0
2017.123.19:22:40 313 45 0.7 0.0 065 09 0.4 0.0
2017.123.19:22:45 313 46 0.9 0.0 065 11 0.2 0.0
2017.123.19:22:50 313 48 0.2 0.0 065 12 0.9 0.0
2017.123.19:22:55 313 49 0.5 0.0 065 14 0.6 0.0
2017.123.19:23:00 313 50 0.7 0.0 065 16 0.3 0.0
2017.123.19:23:05 313 52 0.0 0.0 065 18 0.1 0.0
2017.123.19:23:10 313 53 0.3 0.0 065 19 0.8 0.0
2017.123.19:23:15 313 54 0.5 0.0 065 21 0.5 0.0
2017.123.19:23:20 313 55 0.8 0.0 065 23 0.2 0.0
2017.123.19:23:25 313 57 0.1 0.0 065 24 1.0 0.0
2017.123.19:23:30 313 58 0.3 0.0 065 26 0.7 0.0
2017.123.19:23:35 313 59 0.6 0.0 065 28 0.4 0.0
2017.123.19:23:40 314 00 0.9 0.0 065 30 0.1 0.0
2017.123.19:23:45 314 02 0.1 0.0 065 31 0.9 0.0
2017.123.19:23:50 314 03 0.4 0.0 065 33 0.6 0.0
2017.123.19:23:55 314 04 0.7 0.0 065 35 0.3 0.0
2017.123.19:24:00 314 05 0.9 0.0 065 37 0.1 0.0
2017.123.19:24:05 314 07 0.2 0.0 065 38 0.8 0.0
2017.123.19:24:10 314 08 0.5 0.0 065 40 0.5 0.0
2017.123.19:24:15 314 09 0.7 0.0 065 42 0.3 0.0
2017.123.19:24:20 314 10 1.0 0.0 065 43 1.0 0.0
2017.123.19:24:25 314 12 0.3 0.0 065 45 0.7 0.0
2017.123.19:24:30 314 13 0.5 0.0 065 47 0.4 0.0
2017.123.19:24:35 314 14 0.8 0.0 065 49 0.2 0.0
2017.123.19:24:40 314 16 0.1 0.0 065 50 0.9 0.0
2017.123.19:24:45 314 17 0.3 0.0 065 52 0.6 0.0
2017.123.19:24:50 314 18 0.6 0.0 065 54 0.4 0.0
2017.123.19:24:55 314 19 0.8 0.0 065 56 0.1 0.0
2017.123.19:25:00 314 21 0.1 0.0 065 57 0.8 0.0
2017.123.19:25:05 314 22 0.4 0.0 065 59 0.6 0.0
2017.123.19:25:10 314 23 0.6 0.0 066 01 0.3 0.0
2017.123.19:25:15 314 24 0.9 0.0 066 03 0.0 0.0
2017.123.19:25:20 314 26 0.1 0.0 066 04 0.8 0.0
2017.123.19:25:25 314 27 0.4 0.0 066 06 0.5 0.0
2017.123.19:25:30 314 28 0.7 0.0 066 08 0.2 0.0
2017.123.19:25:35 314 29 0.9 0.0 066 09 1.0 0.0
2017.123.19:25:40 314 31 0.2 0.0 066 11 0.7 0.0
2017.123.19:25:45 314 32 0.5 0.0 066 13 0.5 0.0
2017.123.19:25:50 314 33 0.7 0.0 066 15 0.2 0.0
2017.123.19:25:55 314 34 1.0 0.0 066 16 0.9 0.0
2017.123.19:26:00 314 36 0.2 0.0 066 18 0.7 0.0
2017.123.19:26:05 314 37 0.5 0.0 066 20 0.4 0.0
2017.123.19:26:10 314 38 0.7 0.0 066 22 0.1 0.0
2017.123.19:26:15 314 40 0.0 0.0 066 23 0.9 0.0
2017.123.19:26:20 314 41 0.3 0.0 066 25 0.6 0.0
2017.123.19:26:25 314 42 0.5 0.0 066 27 0.4 0.0
2017.123.19:26:30 314 43 0.8 0.0 066 29 0.1 0.0
2017.123.19:26:35 314 45 0.0 0.0 066 30 0.8 0.0
2017.123.19:26:40 314 46 0.3 0.0 066 32 0.6 0.0
2017.123.19:26:45 314 47 0.6 0.0 066 34 0.3 0.0
2017.123.19:26:50 314 48 0.8 0.0 066 36 0.1 0.0
2017.123.19:26:55 314 50 0.1 0.0 066 37 0.8 0.0
2017.123.19:27:00 314 51 0.3 0.0 066 39 0.5 0.0
2017.123.19:27:05 314 52 0.6 0.0 066 41 0.3 0.0
2017.123.19:27:10 314 53 0.8 0.0 066 43 0.0 0.0
2017.123.19:27:15 314 55 0.1 0.0 066 44 0.8 0.0
2017.123.19:27:20 314 56 0.4 0.0 066 46 0.5 0.0
2017.123.19:27:25 314 57 0.6 0.0 066 48 0.2 0.0
2017.123.19:27:30 314 58 0.9 0.0 066 49 1.0 0.0
2017.123.19:27:35 315 00 0.1 0.0 066 51 0.7 0.0
2017.123.19:27:40 315 01 0.4 0.0 066 53 0.5 0.0
2017.123.19:27:45 315 02 0.6 0.0 066 55 0.2 0.0
2017.123.19:27:50 315 03 0.9 0.0 066 56 1.0 0.0
2017.123.19:27:55 315 05 0.1 0.0 066 58 0.7 0.0
2017.123.19:28:00 315 06 0.4 0.0 067 00 0.5 0.0
2017.123.19:28:05 315 07 0.6 0.0 067 02 0.2 0.0
2017.123.19:28:10 315 08 0.9 0.0 067 03 0.9 0.0
2017.123.19:28:15 315 10 0.2 0.0 067 05 0.7 0.0
2017.123.19:28:20 315 11 0.4 0.0 067 07 0.4 0.0
2017.123.19:28:25 315 12 0.7 0.0 067 09 0.2 0.0
2017.123.19:28:30 315 13 0.9 0.0 067 10 0.9 0.0
2017.123.19:28:35 315 15 0.2 0.0 067 12 0.7 0.0
2017.123.19:28:40 315 16 0.4 0.0 067 14 0.4 0.0
2017.123.19:28:45 315 17 0.7 0.0 067 16 0.2 0.0
2017.123.19:28:50 315 18 0.9 0.0 067 17 0.9 0.0
2017.123.19:28:55 315 20 0.2 0.0 067 19 0.7 0.0
2017.123.19:29:00 315 21 0.4 0.0 067 21 0.4 0.0
2017.123.19:29:05 315 22 0.7 0.0 067 23 0.2 0.0
2017.123.19:29:10 315 23 0.9 0.0 067 24 0.9 0.0
2017.123.19:29:15 315 25 0.2 0.0 067 26 0.7 0.0
2017.123.19:29:20 315 26 0.4 0.0 067 28 0.4 0.0
2017.123.19:29:25 315 27 0.7 0.0 067 30 0.2 0.0
2017.123.19:29:30 315 28 0.9 0.0 067 31 0.9 0.0
2017.123.19:29:35 315 30 0.2 0.0 067 33 0.7 0.0
2017.123.19:29:40 315 31 0.4 0.0 067 35 0.4 0.0
2017.123.19:29:45 315 32 0.7 0.0 067 37 0.2 0.0
2017.123.19:29:50 315 33 0.9 0.0 067 38 0.9 0.0
2017.123.19:29:55 315 35 0.2 0.0 067 40 0.7 0.0
